0.8710678260869673
0.8174547478260882
0.6107136000000001
0.3923611826086921
0.2466148173913057
0.08147478260869646
0.02211840000000026
0.005556313043478222
0
0
0
0
0
0
0
0
0
0
0
0
0
0
0
0
0
0
0
0
0
0
0
0
0
0
0
0
0
0
0
0
0
0
0
0
0
0
0
0
0.00555631304347826
0
0
0
0
0
0
0
0
0
0
0
0
0
0
0.005556313043478221
0
0
0
0.005556313043478235
0
0.005556313043478255
0
0
0
0
0
0
0
0
0
0
0
0
0
0
0
0
0
0
0
0
0
0
0
0
0.00555631304347822
0.005556313043478211
0.005556313043478211
0.005556313043478211
0
0
0
0
0.005556313043478236
0
0
0
0
0
0
0
0
0
0
0
0
0
0
0.005556313043478229
0
0
0
0
0
0
0
0.005556313043478225
0
0
0
0
0
0
0
0
0
0
0
0
0
0
0
0
0
0
0.005556313043478259
0
0
0
0
0
0.005556313043478217
0
0
0
0
0
0
0
0
0
0
0
0
0
0
0
0
0
0
0
0
0
0
0
0
0
0
0
0
0
0.005556313043478236
0
0
0
0
0
0.005556313043478256
0
0
0
0
0
0
0
0.005556313043478219
0.005556313043478219
0.005556313043478219
0.005556313043478219
0.005556313043478219
0.005556313043478219
0
0
0
0
0
0.005556313043478225
0.005556313043478225
0.005556313043478225
0.005556313043478225
0
0
0
0
0
0
0
0
0
0
0
0
0
0
0
0
0
0
0
0.005556313043478234
0.01109481739130424
0.005556313043478234
0
0
0
0
0
0.00555631304347825
0
0
0
0
0
0
0
0
0
0
0
0
0
0
0
0
0
0
0
0
0
0
0
0
0
0
0
0
0
0
0
0
0
0
0
0
0
0
0
0
0
0
0
0
0
0
0
0
0
0.005556313043478233
0
0
0
0
0
0
0
0
0
0
0
0
0
0
0
0
0
0
0
0
0
0
0
0
0
0
0
0
0
0.005556313043478259
0.005556313043478259
0.005556313043478259
0.005556313043478259
0
0
0
0
0
0
0
0.005556313043478246
0.005556313043478246
0
0
0
0
0
0
0
0
0
0
0
0
0
0
0
0
0.005556313043478229
0
0.005556313043478256
0.005556313043478256
0.005556313043478256
0
0
0
0
0
0
0
0
0
0
0
0
0
0
0
0
0
0
0
0
0
0
0
0
0
0
0
0
0
0
0
0
0
0
0
0
0
0
0
0
0
0
0
0
0
0
0
0
0
0
0
0
0
0
0
0
0
0
0
0
0
0.005556313043478244
0
0
0
0
0
0
0
0
0.005556313043478213
0.005556313043478256
0
0
0
0
0
0
0
0
0
0
0
0
0
0
0.005556313043478225
0.005556313043478225
0.005556313043478225
0
0.005556313043478211
0
0
0
0.005556313043478243
0.005556313043478243
0
0
0
0
0
0
0
0
0
0
0
0.005556313043478245
0.005556313043478245
0
0
0
0
0
0
0
0.00555631304347825
0.00555631304347825
0.00555631304347825
0.005556313043478225
0.005556313043478225
0.005556313043478225
0
0
0
0
0
0
0
0
0
0
0
0
0
0
0
0
0
0
0
0
0
0
0
0
0
0
0
0
0
0
0
0
0
0
0
0
0
0
0.005556313043478249
0.005556313043478249
0.005556313043478249
0
0
0
0
0
0
0
0.005556313043478233
0.005556313043478233
0
0
0
0
0
0
0.005556313043478224
0
0
0
0
0
0
0
0
0
0
0
0
0
0
0
0
0
0
0
0
0
0.005556313043478239
0
0
0
0
0
0
0
0
0
0
0
0
0
0
0
0
0
0
0
0
0
0
0
0
0.005556313043478213
0
0
0
0
0
0
0
0
0
0
0
0
0
0
0
0
0
0
0
0
0.005556313043478233
0
0
0
0
0
0
0
0
0
0
0
0
0
0.00555631304347825
0
0
0
0
0
0
0
0
0
0.005556313043478242
0
0
0
0
0
0
0.01109481739130423
0
0
0
0.005556313043478225
0.005556313043478225
0
0
0
0
0
0
0
0
0
0
0
0
0
0
0
0
0
0
0
0
0
0
0
0
0
0
0
0
0
0
0
0
0
0
0
0
0.005556313043478224
0
0
0
0
0
0
0
0
0
0
0
0
0
0
0
0
0
0
0
0
0
0
0
0
0
0
0
0
0
0
0
0
0
0
0
0
0
0
0
0
0
0
0
0
0.005556313043478252
0.005556313043478252
0.005556313043478252
0
0
0
0.005556313043478239
0
0
0
0
0
0
0
0
0
0
0
0
0
0.005556313043478251
0.005556313043478251
0
0
0.005556313043478216
0
0
0
0
0
0
0
0
0
0.005556313043478233
0
0
0
0
0
0
0
0
0.005556313043478212
0
0
0
0
0
0
0
0
0
0
0
0
0
0
0
0
0
0
0
0
0
0
0
0
0
0
0
0
0
0
0
0
0
0
0
0
0
0
0
0
0
0
0
0
0
0
0
0
0
0
0
0
0
0
0
0
0
0
0
0
0
0
0
0.005556313043478215
0.005556313043478215
0
0
0
0
0.005556313043478239
0
0
0
0
0
0
0
0
0
0
0
0
0
0
0
0
0
0
0
0
0
0
0.005556313043478218
0.005556313043478218
0.005556313043478218
0.005556313043478218
0.005556313043478218
0
0.01109481739130437
0
0
0
0
0
0.005556313043478233
0
0
0
0
0
0
0
0
0
0
0
0
0
0
0
0
0
0
0
0
0
0
0.005556313043478255
0
0
0
0
0
0
0
0
0
0
0.005556313043478215
0.005556313043478215
0
0
0
0
0
0
0
0
0
0
0
0
0
0
0
0
0
0
0
0
0
0
0
0
0
0
0
0
0
0
0
0
0
0
0
0
0
0
0
0
0
0
0
0
0
0
0
0
0
0
0
0
0
0
0
0
0
0
0
0.005556313043478257
0.005556313043478257
0.005556313043478257
0
0
0
0
0
0
0
0
0
0
0
0
0
0
0
0
0.005556313043478226
0
0
0
0
0
0
0.005556313043478219
0
0
0
0.005556313043478252
0
0
0
0
0
0
0.005556313043478232
0
0
0
0
0
0
0
0
0
0
0
0
0
0
0
0
0
0
0
0
0
0
0
0
0
0
0
0.005556313043478227
0
0
0
0
0
0
0
0
0
0
0
0
0
0
0
0
0
0
0
0.005556313043478233
0
0
0
0
0
0
0
0
0.005556313043478232
0
0
0
0
0
0
0
0
0
0
0
0
0
0
0
0
0.00555631304347821
0
0
0
0
0
0
0
0
0
0
0.005556313043478243
0
0
0
0.005556313043478255
0
0
0
0
0
0
0
0
0
0
0
0
0
0
0
0
0
0
0.005556313043478209
0
0
0
0
0
0
0
0
0
0.01109481739130435
0.005556313043478243
0
0
0
0.005556313043478246
0
0
0
0
0
0
0
0
0
0
0
0
0
0
0
0
0
0
0.005556313043478239
0.005556313043478239
0
0
0
0
0
0
0
0
0.005556313043478234
0.005556313043478234
0
0
0
0
0.00555631304347825
0
0
0
0
0
0
0
0
0
0.005556313043478253
0
0
0.005556313043478219
0
0
0
0
0
0
0
0
0
0
0
0.005556313043478214
0
0
0
0
0
0
0
0.005556313043478257
0.005556313043478257
0.005556313043478257
0.005556313043478257
0
0
0.005556313043478233
0
0
0
0
0
0
0
0
0
0
0
0
0
0
0
0.005556313043478236
0.005556313043478236
0
0
0
0
0
0
0
0
0
0
0
0
0
0
0
0.01109481739130417
0.005556313043478214
0.005556313043478214
0.005556313043478214
0
0
0
0
0
0
0
0
0
0
0
0.005556313043478224
0
0
0.005556313043478219
0.00555631304347824
0
0
0
0.005556313043478239
0
0
0
0
0
0
0.005556313043478243
0.01661551304347829
0.0110948173913044
0.01661551304347829
0.005556313043478256
0
0
0
0
0
0
0
0
0
0
0
0
0
0
0
0
0
0
0
0
0
0
0.005556313043478228
0
0
0.005556313043478247
0
0
0
0
0
0
0
0.005556313043478227
0
0
0
0
0
0
0
0
0.005556313043478216
0
0
0
0
0
0
0
0
0
0
0
0
0
0
0
0
0.005556313043478242
0
0
0
0
0
0
0
0
0
0
0
0
0
0
0
0.005556313043478256
0.005556313043478256
0
0
0
0
0
0
0
0
0
0
0
0
0
0
0
0
0
0
0
0
0
0
0
0
0
0
0
0
0
0
0
0
0
0
0
0.005556313043478233
0
0
0
0
0
0
0
0
0
0
0
0
0
0
0
0.005556313043478246
0.005556313043478246
0
0
0
0
0
0
0
0
0
0
0
0
0
0
0
0
0
0
0
0
0
0
0
0
0.005556313043478226
0
0.005556313043478239
0.005556313043478239
0.005556313043478239
0
0.005556313043478243
0
0
0
0
0
0
0
0
0
0
0
0
0
0
0
0.00555631304347822
0.01109481739130419
0
0
0
0
0
0
0
0
0
0
0
0.005556313043478209
0
0
0
0
0
0
0
0
0
0.005556313043478221
0
0
0
0
0
0
0
0
0
0.005556313043478254
0.005556313043478254
0
0
0
0
0
0.01109481739130431
0
0
0
0
0
0
0
0
0
0
0
0.005556313043478223
0
0
0
0
0
0
0
0
0
0
0
0
0
0
0
0.00555631304347824
0
0
0
0.005556313043478259
0
0
0
0
0
0
0
0
0
0
0
0
0
0
0
0
0.005556313043478221
0.005556313043478222
0
0
0
0
0
0
0
0
0
0
0
0
0
0
0
0.005556313043478246
0.005556313043478246
0
0.005556313043478213
0.00555631304347825
0
0
0
0
0
0
0
0
0
0
0
0
0
0
0
0
0
0
0.005556313043478239
0.01109481739130433
0
0
0
0
0
0
0
0
0.005556313043478251
0.005556313043478251
0.005556313043478251
0
0
0
0
0
0
0
0
0.005556313043478229
0.005556313043478229
0
0
0
0
0
0
0
0
0
0
0
0
0
0
0
0
0.005556313043478251
0.01109481739130442
0.005556313043478216
0
0
0
0
0
0
0
0
0
0
0
0
0
0
0
0
0
0
0
0
0
0
0
0
0
0
0
0
0
0
0
0
0
0
0.005556313043478243
0
0
0
0
0
0
0
0
0
0
0
0
0
0
0
0
0
0
0
0
0.005556313043478233
0
0
0
0
0
0.005556313043478214
0
0
0
0
0
0
0
0
0
0
0.005556313043478252
0
0
0
0
0
0
0
0.005556313043478256
0.005556313043478256
0.005556313043478256
0
0
0
0
0
0
0
0
0
0
0
0
0
0
0
0
0
0
0
0
0
0.005556313043478237
0.005556313043478248
0
0
0
0
0
0.00555631304347826
0
0
0
0
0
0
0
0.005556313043478241
0.005556313043478241
0.005556313043478241
0
0
0
0
0
0
0
0
0
0
0
0
0
0
0
0
0
0
0
0
0
0
0
0
0
0
0
0
0
0
0
0
0
0
0
0
0
0
0
0.005556313043478216
0.005556313043478216
0
0
0
0
0
0
0
0
0
0
0
0
0
0
0
0
0
0
0
0
0
0
0
0
0
0
0
0
0
0
0
0
0
0
0
0
0
0
0
0
0
0
0
0
0
0
0
0
0
0
0
0
0
0
0
0
0
0
0
0
0
0
0
0
0
0
0
0
0
0
0
0
0
0
0
0
0.005556313043478226
0
0
0
0
0
0
0
0
0
0
0
0
0
0
0
0
0
0
0
0
0
0
0.005556313043478246
0.01109481739130435
0.005556313043478246
0
0
0
0
0
0
0
0
0
0
0
0
0
0
0
0
0
0
0
0
0
0
0
0
0
0
0
0
0
0
0
0
0
0
0
0
0
0
0
0
0
0
0
0
0
0
0
0
0
0
0
0
0
0
0
0
0
0
0
0
0
0
0
0
0
0
0
0
0
0
0
0
0
0.005556313043478214
0.005556313043478214
0
0
0
0
0
0
0
0
0
0
0
0
0
0
0
0
0
0
0
0
0
0
0
0
0
0
0
0
0
0
0
0
0
0
0
0
0
0
0
0
0
0
0
0
0.005556313043478215
0.005556313043478215
0
0
0.005556313043478246
0.005556313043478246
0
0
0
0
0
0
0
0
0
0
0
0
0.005556313043478239
0.005556313043478239
0.005556313043478239
0.005556313043478243
0
0
0
0
0.005556313043478226
0.005556313043478226
0.005556313043478226
0.005556313043478226
0
0
0
0.005556313043478212
0
0
0
0
0
0
0
0
0
0
0
0
0
0
0
0
0
0
0
0
0
0
0
0
0
0
0
0
0.00555631304347824
0.00555631304347824
0.00555631304347824
0
0.005556313043478213
0
0
0
0
0
0
0
0
0
0
0
0
0
0
0
0
0
0
0
0
0
0
0
0
0.005556313043478245
0
0
0
0
0.005556313043478238
0
0
0
0
0
0
0
0
0
0
0
0
0
0
0
0
0
0.005556313043478223
0
0
0
0
0
0
0
0
0
0
0
0
0
0
0
0
0
0
0
0
0
0
0
0
0
0
0
0
0
0
0
0
0
0
0
0
0
0
0
0
0
0
0
0
0
0
0
0.005556313043478222
0
0
0
0
0
0
0
0
0
0
0
0
0
0
0
0
0
0
0
0
0
0
0
0
0
0
0
0
0
0
0
0
0
0
0
0
0
0
0
0
0
0
0
0
0
0
0
0
0.005556313043478241
0.005556313043478241
0
0
0
0
0.005556313043478233
0
0
0
0.00555631304347822
0
0
0
0
0
0
0
0
0
0
0
0
0
0
0
0
0
0
0
0
0
0
0
0
0
0
0
0
0
0
0
0
0
0
0
0
0
0
0
0
0
0
0
0
0.005556313043478209
0
0
0
0
0
0
0
0
0
0
0
0
0
0
0
0
0
0
0
0
0
0
0
0
0
0
0
0
0
0
0.005556313043478236
0
0
0.005556313043478244
0
0
0
0
0
0
0
0
0
0
0
0.00555631304347822
0
0
0
0
0
0
0
0
0
0
0
0.00555631304347821
0.00555631304347821
0
0
0
0
0
0
0
0
0
0
0
0
0
0
0
0
0
0
0
0
0
0
0
0
0
0.005556313043478216
0
0
0
0
0
0
0
0
0
0
0
0.005556313043478236
0
0
0
0
0
0
0
0
0
0
0
0
0
0
0
0
0
0
0
0
0
0
0
0
0
0
0
0
0
0
0.005556313043478228
0.005556313043478228
0.01109481739130423
0.01109481739130423
0.01109481739130421
0.005556313043478226
0.005556313043478253
0.005556313043478253
0.005556313043478253
0
0
0
0.005556313043478232
0.005556313043478232
0
0
0
0
0
0
0
0
0
0.005556313043478228
0
0
0
0
0
0
0
0
0
0.005556313043478244
0
0
0
0
0
0
0
0.005556313043478257
0.005556313043478257
0.005556313043478257
0.005556313043478257
0
0
0
0
0
0
0
0
0
0
0
0
0
0
0
0
0
0
0
0
0.005556313043478252
0
0
0.005556313043478243
0
0
0.005556313043478219
0
0
0
0
0
0
0
0
0
0.005556313043478239
0
0
0
0
0
0
0
0
0.005556313043478256
0
0
0
0
0
0
0
0
0
0
0
0
0
0
0
0
0
0
0
0
0
0
0
0.005556313043478236
0
0.005556313043478226
0
0
0
0
0
0
0
0
0.005556313043478224
0.005556313043478224
0.005556313043478224
0.005556313043478224
0
0
0
0
0
0
0
0
0
0
0
0
0
0
0
0
0
0
0
0.005556313043478246
0.005556313043478246
0.005556313043478246
0.005556313043478246
0
0
0
0
0
0
0
0
0
0
0
0
0
0
0
0
0
0.005556313043478246
0
0
0
0
0
0
0
0
0
0
0
0
0
0
0
0
0
0
0
0
0
0
0
0
0
0
0
0
0
0
0
0
0.005556313043478233
0
0
0
0
0.005556313043478246
0
0
0
0
0.005556313043478212
0
0
0
0
0
0
0.005556313043478252
0
0
0
0
0
0
0
0
0
0
0
0
0
0
0
0
0
0.005556313043478233
0
0
0
0
0.005556313043478216
0.005556313043478208
0
0
0
0
0
0
0
0
0
0
0
0
0
0
0
0.005556313043478239
0
0
0
0
0
0
0
0
0
0
0
0
0
0
0.005556313043478214
0
0
0
0
0
0
0
0
0
0
0
0
0
0
0
0
0
0.00555631304347825
0.00555631304347825
0
0
0
0
0.00555631304347822
0.00555631304347822
0.00555631304347822
0
0
0
0
0
0
0
0.005556313043478222
0.005556313043478222
0.005556313043478222
0
0
0
0
0
0
0
0
0
0
0
0
0
0
0
0
0
0
0
0
0
0
0
0
0
0
0
0
0
0
0
0
0
0
0
0
0
0
0
0
0
0
0
0
0
0
0
0
0
0
0
0.005556313043478222
0.005556313043478222
0.005556313043478222
0.005556313043478222
0
0
0
0
0
0
0
0.005556313043478239
0
0
0
0
0
0
0
0
0
0
0
0
0
0
0
0
0
0
0
0
0
0
0
0
0
0
0
0.01109481739130436
0.00555631304347825
0.00555631304347825
0.00555631304347825
0
0
0
0
0
0
0
0
0
0
0
0
0
0
0
0
0
0
0
0
0
0
0
0
0
0
0
0
0
0
0
0
0
0
0
0
0
0
0
0
0
0
0
0
0
0
0
0
0
0
0
0
0
0
0
0
0
0
0
0
0
0
0.00555631304347826
0.00555631304347826
0
0
0
0
0
0
0
0
0
0
0
0.005556313043478237
0
0
0
0
0
0
0
0
0
0
0.005556313043478232
0
0
0
0
0
0
0
0
0
0
0
0
0
0
0
0
0
0
0
0.00555631304347825
0
0
0
0
0
0
0
0
0
0
0
0
0
0
0.01109481739130427
0
0
0
0
0
0
0
0
0
0
0
0
0.00555631304347824
0
0
0
0
0
0
0
0
0
0
0
0
0
0
0
0
0
0
0
0.005556313043478243
0.005556313043478243
0
0
0
0
0
0
0
0
0
0
0
0
0
0
0
0
0
0
0
0
0
0.005556313043478247
0
0
0
0
0
0
0
0
0
0.00555631304347826
0.00555631304347826
0.00555631304347826
0
0.005556313043478223
0
0
0
0
0
0.005556313043478228
0.005556313043478228
0
0
0
0
0
0
0
0
0.005556313043478246
0.01109481739130444
0
0
0
0
0
0
0
0
0
0
0
0
0
0
0
0
0
0
0
0
0
0
0.005556313043478243
0
0
0
0
0
0
0
0
0
0
0
0
0
0
0
0
0
0
0
0
0
0
0
0
0
0.005556313043478244
0.005556313043478244
0
0
0
0
0
0
0
0
0
0
0
0
0
0
0
0
0
0
0
0
0
0
0
0
0
0
0
0
0
0
0
0
0.005556313043478244
0
0
0
0
0
0
0
0
0
0
0
0
0
0
0
0
0
0
0
0
0
0
0
0
0
0
0
0
0
0
0
0
0
0
0
0
0
0
0
0
0
0
0
0
0
0
0
0
0
0
0
0
0
0
0
0.005556313043478218
0
0
0
0
0.005556313043478215
0
0
0
0
0
0
0
0
0
0
0
0
0
0
0
0
0
0
0
0
0
0
0
0
0
0
0
0
0
0
0
0
0
0
0.00555631304347826
0
0
0
0
0
0
0
0
0
0
0
0
0
0
0
0
0
0
0
0.005556313043478247
0
0
0
0
0.005556313043478248
0
0.005556313043478256
0.005556313043478256
0
0
0
0
0
0
0
0
0
0
0
0
0
0.005556313043478215
0
0
0
0
0
0
0
0
0
0
0
0
0.005556313043478245
0.005556313043478245
0
0
0
0
0
0
0
0
0
0
0
0
0
0
0
0
0
0
0
0
0
0
0
0
0
0
0
0
0
0
0
0
0
0
0
0
0
0
0
0
0
0
0
0
0
0
0
0
0
0
0
0.005556313043478212
0
0
0
0
0
0
0.005556313043478236
0
0
0
0
0
0
0
0
0
0
0
0
0
0
0
0
0
0
0
0
0
0
0
0
0
0
0
0
0
0
0
0
0.01109481739130434
0.005556313043478255
0.005556313043478255
0
0
0
0
0
0
0
0
0
0
0
0
0
0
0
0
0.005556313043478253
0.005556313043478253
0
0
0
0
0
0
0.005556313043478239
0.005556313043478239
0
0
0
0
0
0
0
0
0
0
0
0
0
0
0.005556313043478243
0
0
0
0
0
0
0
0
0
0
0
0
0
0
0
0
0
0
0
0
0
0
0
0
0
0
0
0
0
0
0
0
0
0
0
0
0
0
0
0
0
0
0
0
0
0
0
0
0
0.005556313043478216
0
0
0
0
0.005556313043478239
0
0
0
0
0
0
0
0
0
0
0
0
0
0
0
0
0
0
0
0
0
0
0
0
0
0
0
0
0
0
0
0
0.00555631304347825
0
0
0
0
0.005556313043478228
0
0
0
0
0
0
0
0
0
0
0
0
0
0
0
0
0
0
0
0
0
0
0
0
0
0
0
0.00555631304347826
0
0
0
0
0
0
0
0
0
0
0
0
0
0
0
0
0
0
0
0
0.005556313043478245
0
0
0
0
0
0
0
0
0
0
0
0
0
0
0
0
0.00555631304347825
0.00555631304347825
0
0
0
0
0
0
0
0
0
0
0
0
0
0
0
0
0
0
0
0.005556313043478212
0.005556313043478212
0
0
0
0
0
0
0
0
0
0
0
0.005556313043478211
0.00555631304347826
0.00555631304347826
0.00555631304347826
0.00555631304347826
0
0.00555631304347822
0.00555631304347822
0.00555631304347822
0
0
0
0
0
0.005556313043478221
0.01109481739130419
0.005556313043478221
0
0
0
0
0
0
0
0
0
0
0
0
0
0
0.005556313043478211
0
0.005556313043478208
0.005556313043478252
0.005556313043478252
0
0.005556313043478246
0
0
0
0
0
0
0
0
0
0
0
0
0
0
0
0
0
0
0
0
0
0
0
0.005556313043478239
0.005556313043478239
0
0
0.005556313043478209
0
0
0
0
0
0
0
0
0
0
0
0
0
0.005556313043478209
0
0
0
0
0
0
0
0
0
0
0.00555631304347824
0
0
0
0
0
0
0
0
0
0
0
0
0.005556313043478257
0
0
0
0
0
0
0
0
0
0
0
0
0
0
0
0
0
0
0.005556313043478246
0.005556313043478246
0.005556313043478246
0
0.005556313043478239
0
0
0
0
0
0
0
0
0
0
0
0
0.00555631304347826
0.00555631304347826
0
0
0
0
0
0
0
0
0.005556313043478231
0
0
0
0
0
0
0
0
0
0
0
0
0.005556313043478252
0.005556313043478252
0
0
0
0.005556313043478221
0.005556313043478221
0
0
0
0
0
0
0
0.005556313043478239
0.005556313043478239
0.005556313043478239
0.005556313043478239
0.005556313043478239
0.005556313043478239
0.005556313043478239
0
0.01109481739130431
0.005556313043478245
0.005556313043478245
0
0
0
0
0
0
0
0
0
0
0
0
0
0
0
0
0
0
0
0
0
0
0
0
0
0
0
0
0.005556313043478253
0.01109481739130432
0.005556313043478253
0
0
0
0
0
0
0
0
0
0
0
0
0
0
0
0
0
0
0
0.005556313043478226
0.005556313043478226
0
0
0
0
0
0
0
0
0
0
0
0
0
0
0
0
0
0
0
0
0
0
0
0
0
0
0
0
0
0
0.005556313043478208
0.005556313043478208
0
0
0
0
0
0
0
0.005556313043478222
0
0
0
0
0
0
0
0
0
0
0
0
0
0
0
0
0
0
0
0
0
0
0
0
0
0
0
0
0
0
0
0
0
0
0
0
0
0
0
0
0
0
0
0
0
0
0
0.005556313043478217
0
0
0
0
0
0
0
0.005556313043478223
0
0
0
0
0
0
0
0
0
0
0
0
0
0
0.00555631304347825
0
0
0
0
0
0
0.005556313043478236
0.005556313043478236
0.005556313043478236
0.005556313043478236
0
0
0
0
0
0
0
0
0
0
0
0
0
0
0
0
0
0
0
0
0
0
0
0
0
0
0
0
0
0
0
0.005556313043478212
0.005556313043478212
0.005556313043478212
0
0
0
0
0
0
0
0
0
0
0
0
0
0
0
0
0
0
0
0
0
0
0
0
0
0
0
0
0
0
0
0
0
0
0
0
0
0
0
0
0
0
0
0
0
0
0
0
0
0
0
0
0
0
0
0
0
0
0
0.005556313043478241
0.005556313043478241
0.005556313043478245
0.005556313043478245
0
0
0
0
0
0
0
0
0
0
0
0
0
0
0
0
0
0
0
0.00555631304347826
0
0
0
0.00555631304347824
0
0
0
0
0
0
0
0
0
0
0
0
0
0
0
0
0
0
0
0
0
0
0
0.005556313043478256
0
0
0
0
0.005556313043478223
0.005556313043478223
0
0
0
0
0
0
0
0
0
0
0
0
0
0
0
0
0
0
0
0
0
0.01109481739130444
0
0
0
0
0
0
0
0.005556313043478219
0.005556313043478219
0
0.005556313043478244
0.005556313043478244
0.005556313043478244
0
0
0.005556313043478222
0
0
0
0.005556313043478227
0
0
0
0
0.005556313043478246
0
0
0
0
0
0
0
0
0.005556313043478221
0.005556313043478221
0.005556313043478221
0.005556313043478221
0
0
0
0
0
0
0.005556313043478221
0.005556313043478221
0.005556313043478221
0.005556313043478221
0.005556313043478221
0
0
0
0
0
0
0
0
0
0
0
0
0
0
0
0
0
0.005556313043478256
0
0
0
0
0
0
0
0
0
0
0.005556313043478226
0
0
0
0.005556313043478233
0.005556313043478233
0
0
0
0
0
0
0
0
0
0
0
0
0
0
0
0
0
0
0
0
0
0
0
0
0
0
0
0
0
0
0
0
0
0
0
0
0
0
0
0
0.005556313043478234
0.01109481739130432
0.005556313043478234
0
0
0
0
0
0
0
0
0
0
0
0
0
0
0
0
0
0
0
0
0
0.005556313043478225
0
0
0
0
0
0
0
0
0
0.005556313043478211
0.005556313043478211
0
0
0
0
0
0
0.00555631304347826
0.00555631304347826
0
0
0
0
0
0
0
0
0
0
0.005556313043478231
0
0
0
0
0
0
0
0
0
0
0
0
0
0
0
0
0
0
0
0
0
0
0
0
0
0
0
0
0
0
0
0
0
0
0
0.005556313043478219
0
0
0
0
0
0
0
0.00555631304347826
0
0
0
0
0
0
0.005556313043478233
0
0
0
0
0
0
0
0
0
0
0
0
0
0
0
0
0.00555631304347822
0
0
0
0
0
0
0
0.01109481739130432
0.005556313043478243
0
0
0
0
0
0
0
0
0
0
0
0
0
0
0
0
0
0
0
0
0
0
0
0
0
0
0.005556313043478255
0.005556313043478255
0.005556313043478255
0.005556313043478255
0
0
0
0
0
0
0
0
0
0
0
0
0
0
0
0
0
0
0
0
0
0
0
0.005556313043478249
0
0
0
0
0
0
0
0
0
0
0.005556313043478253
0.005556313043478253
0
0
0.005556313043478251
0
0
0
0
0
0
0
0
0
0
0
0
0
0.00555631304347822
0
0
0
0
0
0
0
0
0
0
0
0
0
0
0
0
0
0
0
0
0
0
0
0
0
0
0
0.00555631304347826
0
0
0
0
0
0
0
0
0
0
0
0
0
0
0
0
0.005556313043478221
0
0
0
0
0
0
0
0
0
0
0
0
0
0
0
0
0
0
0
0
0
0
0
0
0
0
0
0
0
0
0
0
0
0
0
0
0
0
0.005556313043478252
0
0
0
0
0.005556313043478226
0.005556313043478226
0
0
0
0
0
0
0
0
0
0
0
0
0
0
0
0
0
0.005556313043478226
0.01109481739130435
0
0
0
0
0
0
0
0
0
0
0
0
0
0
0.005556313043478229
0
0
0
0
0
0
0
0
0
0
0
0
0
0.005556313043478233
0.005556313043478233
0
0
0
0
0
0
0
0
0
0
0
0
0
0
0
0
0
0
0
0
0
0
0
0
0.005556313043478247
0
0.005556313043478244
0
0
0
0
0
0
0
0
0
0
0
0
0
0
0
0
0
0
0
0
0
0
0
0
0
0
0
0
0
0
0
0
0
0
0
0.005556313043478245
0
0
0
0
0
0
0
0
0
0
0
0
0
0
0
0
0
0
0
0
0
0
0
0
0
0.005556313043478212
0.005556313043478212
0
0.005556313043478247
0
0
0
0
0
0
0.005556313043478249
0
0
0
0
0.005556313043478254
0
0
0
0.005556313043478209
0.005556313043478216
0
0
0
0
0.005556313043478244
0
0
0
0
0
0
0
0
0
0
0
0
0
0
0.005556313043478242
0.005556313043478242
0.01109481739130436
0.005556313043478242
0.005556313043478242
0.005556313043478242
0
0
0
0
0
0
0
0
0
0
0
0
0
0
0
0
0
0.005556313043478252
0
0
0
0
0
0
0
0
0
0
0
0
0
0
0
0
0
0
0
0
0
0
0
0
0
0
0
0
0
0
0
0
0.005556313043478209
0
0
0
0
0
0
0
0
0
0
0
0
0.005556313043478247
0
0
0
0
0
0
0
0
0
0
0
0
0
0
0
0
0
0
0
0
0
0
0
0
0
0
0
0
0.005556313043478243
0
0
0
0
0
0
0
0
0
0
0
0
0
0
0.005556313043478219
0
0
0
0
0
0
0
0
0
0
0
0
0
0
0
0
0
0
0
0
0
0
0
0
0
0
0.00555631304347821
0.00555631304347821
0
0
0
0
0
0
0
0
0
0
0
0
0
0
0
0
0
0.005556313043478213
0
0.005556313043478243
0
0
0
0
0
0
0
0
0
0.005556313043478211
0
0
0
0
0
0
0
0
0
0
0
0
0
0
0
0
0
0
0
0
0
0
0
0
0
0
0
0
0.01109481739130434
0.005556313043478223
0
0
0
0
0
0
0
0
0
0
0
0
0.005556313043478243
0
0
0
0
0
0
0
0
0
0.005556313043478234
0
0
0
0
0
0
0
0
0
0
0
0
0
0
0
0
0
0
0
0
0
0
0
0
0
0
0
0
0.005556313043478239
0
0
0
0
0
0
0
0
0
0
0
0
0
0
0
0
0
0
0
0
0
0
0
0
0
0
0
0
0
0
0
0
0
0
0
0
0.005556313043478233
0
0
0
0
0
0
0
0
0
0
0
0.005556313043478221
0
0
0.00555631304347822
0
0.005556313043478236
0.02211840000000033
0.005556313043478234
0.02211840000000033
0.01109481739130428
0.005556313043478223
0
0.005556313043478219
0.005556313043478219
0.005556313043478219
0.00555631304347822
0
0
0
0
0
0
0
0
0.005556313043478219
0.01109481739130423
0.02760347826086971
0.01661551304347814
0
0.005556313043478256
0
0.005556313043478233
0.01661551304347801
0.005556313043478251
0
0
0
0
0
0.005556313043478246
0
0
0.005556313043478243
0.01109481739130432
0.005556313043478222
0
0
0
0.00555631304347823
0.00555631304347823
0.00555631304347823
0
0.005556313043478256
0.01109481739130446
0.01109481739130427
0
0.005556313043478251
0.005556313043478251
0
0.00555631304347824
0
0.005556313043478212
0
0
0.005556313043478216
0
0
0
0
0
0
0
0
0
0
0.005556313043478253
0.005556313043478253
0.005556313043478212
0
0
0.005556313043478241
0.005556313043478257
0.005556313043478227
0.01109481739130431
0.005556313043478227
0.005556313043478227
0.005556313043478256
0.005556313043478256
0
0
0
0
0
0
0.01109481739130434
0.02211839999999999
0.01109481739130424
0.005556313043478226
0.005556313043478226
0.02211840000000041
0.02211840000000041
0.0110948173913044
0
0.005556313043478246
0.01109481739130436
0
0.005556313043478209
0.005556313043478209
0
0
0
0.005556313043478227
0
0.01109481739130439
0.005556313043478233
0.005556313043478233
0
0
0
0.005556313043478248
0.005556313043478213
0.005556313043478213
0.01109481739130448
0.01109481739130448
0.02211840000000023
0.01661551304347831
0.005556313043478256
0
0
0.005556313043478251
0.005556313043478251
0
0
0
0.005556313043478221
0
0
0
0
0.005556313043478212
0
0
0
0
0.005556313043478245
0.005556313043478242
0.005556313043478219
0.01661551304347831
0.00555631304347825
0
0
0
0
0.00555631304347821
0.01109481739130416
0.01661551304347794
0.005556313043478212
0.005556313043478212
0.005556313043478212
0.005556313043478212
0.005556313043478256
0
0
0
0.005556313043478226
0.005556313043478246
0.005556313043478246
0
0
0
0
0
0
0.005556313043478239
0
0.005556313043478216
0.005556313043478216
0.005556313043478216
0.005556313043478247
0.0110948173913043
0.005556313043478248
0
0
0
0
0.005556313043478216
0
0.005556313043478246
0.005556313043478246
0
0.005556313043478239
0
0
0.005556313043478213
0.005556313043478213
0.005556313043478213
0.005556313043478213
0.005556313043478213
0.01109481739130421
0.005556313043478215
0
0
0.005556313043478242
0
0
0.005556313043478226
0.01109481739130422
0.005556313043478226
0
0
0
0.005556313043478239
0.00555631304347826
0.00555631304347826
0
0.005556313043478209
0.005556313043478209
0.005556313043478242
0
0.005556313043478236
0.01109481739130437
0.005556313043478236
0
0
0.005556313043478256
0
0
0.01109481739130435
0.005556313043478249
0
0
0
0
0
0
0
0
0
0
0
0.00555631304347825
0
0
0
0
0.005556313043478219
0.005556313043478219
0
0
0.00555631304347821
0.00555631304347821
0.00555631304347821
0.01109481739130443
0
0.005556313043478216
0.005556313043478222
0.01661551304347835
0.02211840000000037
0.01661551304347804
0.01109481739130428
0.01109481739130428
0.00555631304347825
0.01109481739130435
0
0.005556313043478241
0.005556313043478241
0
0.005556313043478239
0.01109481739130445
0.005556313043478213
0.005556313043478213
0
0.005556313043478221
0.005556313043478243
0.00555631304347822
0.00555631304347822
0.00555631304347822
0
0
0
0.005556313043478219
0.005556313043478243
0.02211840000000019
0.01109481739130429
0.01109481739130428
0.01661551304347806
0.01109481739130437
0.01109481739130442
0.0110948173913042
0.005556313043478221
0
0.005556313043478225
0.01109481739130427
0
0
0
0
0
0
0
0
0.005556313043478216
0.005556313043478239
0.005556313043478239
0
0
0.005556313043478235
0.0110948173913044
0.0110948173913044
0.01109481739130433
0
0
0
0.005556313043478221
0.005556313043478221
0
0
0
0
0
0
0
0
0
0.005556313043478257
0
0
0
0
0
0
0.005556313043478229
0.01109481739130427
0.01109481739130426
0
0
0
0
0
0.005556313043478255
0.005556313043478213
0.005556313043478239
0
0
0
0
0
0.005556313043478259
0
0
0
0.005556313043478218
0.005556313043478218
0
0
0
0.005556313043478245
0
0
0
0
0
0
0
0
0
0
0
0
0
0
0
0
0
0
0
0
0
0
0
0
0.00555631304347826
0
0.01661551304347795
0.005556313043478226
0
0.005556313043478238
0.005556313043478238
0.005556313043478238
0.01109481739130432
0.005556313043478254
0.005556313043478254
0
0.005556313043478226
0.005556313043478226
0.005556313043478255
0.005556313043478255
0
0
0
0
0.00555631304347822
0.00555631304347822
0
0
0
0.005556313043478219
0.0166155130434782
0.005556313043478243
0.01109481739130434
0.01109481739130434
0
0.005556313043478229
0.01661551304347803
0.01661551304347801
0.005556313043478242
0.005556313043478242
0.005556313043478242
0
0.005556313043478228
0.01661551304347799
0.005556313043478221
0
0.01661551304347827
0.01109481739130433
0.01109481739130433
0
0
0.005556313043478211
0.01109481739130415
0.01109481739130416
0.01109481739130438
0.01109481739130427
0.005556313043478238
0
0
0
0
0.01109481739130425
0.01109481739130424
0.005556313043478245
0
0.005556313043478241
0
0
0.005556313043478256
0.005556313043478247
0
0
0.01109481739130442
0.005556313043478217
0.005556313043478217
0.005556313043478259
0.01109481739130436
0.01109481739130433
0.005556313043478219
0.005556313043478214
0
0
0
0.005556313043478255
0.005556313043478246
0
0
0.00555631304347823
0
0
0
0.01109481739130427
0.01109481739130427
0.005556313043478226
0.005556313043478226
0.005556313043478226
0.005556313043478226
0
0.005556313043478253
0.00555631304347823
0.005556313043478254
0.01109481739130435
0.00555631304347826
0.00555631304347826
0
0.005556313043478226
0.005556313043478226
0.005556313043478226
0
0.005556313043478223
0.005556313043478223
0.005556313043478212
0.005556313043478212
0
0
0
0
0
0
0
0.005556313043478224
0.0110948173913043
0.0110948173913043
0.005556313043478237
0
0
0
0.005556313043478231
0
0.01109481739130423
0.01109481739130427
0
0
0
0
0
0
0
0.005556313043478221
0
0
0
0.005556313043478258
0
0.005556313043478226
0.005556313043478226
0
0
0.005556313043478252
0.005556313043478252
0.005556313043478252
0.005556313043478252
0.005556313043478252
0.005556313043478227
0
0.005556313043478227
0.005556313043478239
0.005556313043478239
0
0
0
0.005556313043478229
0.005556313043478229
0.01661551304347799
0.01109481739130428
0.01661551304347788
0.01109481739130441
0
0
0.01109481739130429
0.005556313043478236
0.01109481739130432
0
0
0
0.005556313043478231
0
0.005556313043478238
0.005556313043478233
0.005556313043478233
0.005556313043478258
0.005556313043478258
0
0
0
0.005556313043478209
0
0
0
0.01109481739130438
0.01661551304347831
0
0
0.005556313043478223
0
0
0
0
0
0.01109481739130425
0.005556313043478231
0.005556313043478231
0.005556313043478231
0.01661551304347831
0.01109481739130428
0
0
0
0.005556313043478215
0.01661551304347824
0.01109481739130442
0.01109481739130442
0.00555631304347825
0
0
0
0.01109481739130434
0
0.01109481739130431
0.01109481739130431
0.00555631304347821
0.005556313043478239
0.01661551304347824
0.01109481739130427
0
0
0
0.01661551304347815
0.0110948173913043
0.005556313043478253
0.01661551304347819
0.01109481739130432
0.005556313043478252
0.005556313043478252
0
0.005556313043478254
0
0
0
0
0.00555631304347821
0.01109481739130416
0.005556313043478212
0.01661551304347787
0.01109481739130419
0.005556313043478217
0.005556313043478217
0.005556313043478217
0.005556313043478217
0.005556313043478219
0
0
0.01109481739130446
0.0110948173913042
0
0
0
0.01109481739130429
0.005556313043478245
0
0
0
0
0
0
0.01109481739130431
0.005556313043478212
0
0
0
0.01109481739130427
0.01661551304347813
0.01661551304347799
0.01661551304347799
0.005556313043478221
0.01109481739130426
0.01109481739130426
0.005556313043478221
0.005556313043478214
0
0
0
0
0.005556313043478243
0
0
0
0
0.005556313043478213
0
0
0
0
0
0.01109481739130447
0.005556313043478208
0.01109481739130441
0.005556313043478256
0
0
0
0
0.005556313043478251
0.005556313043478251
0
0
0
0
0
0
0
0
0
0.005556313043478243
0.005556313043478243
0
0
0.005556313043478219
0.01109481739130446
0.005556313043478259
0
0
0
0
0
0.01109481739130432
0
0.005556313043478256
0.005556313043478238
0
0.00555631304347821
0.00555631304347821
0
0
0.01109481739130422
0.01661551304347799
0.01661551304347799
0
0.005556313043478235
0
0
0.02211840000000023
0.01109481739130435
0.005556313043478241
0
0
0.005556313043478233
0.01109481739130437
0.005556313043478229
0
0.00555631304347822
0.005556313043478221
0
0
0
0
0.005556313043478241
0
0
0
0
0
0.00555631304347823
0.00555631304347823
0.02211840000000039
0.01109481739130423
0.00555631304347823
0.00555631304347823
0.00555631304347823
0.00555631304347823
0.005556313043478256
0.005556313043478256
0
0
0.005556313043478225
0.005556313043478225
0.005556313043478222
0
0
0
0
0
0
0.01661551304347807
0.01109481739130434
0.01109481739130434
0.005556313043478241
0
0.01109481739130438
0.01109481739130438
0
0
0.005556313043478246
0
0.005556313043478223
0.005556313043478223
0.005556313043478223
0.00555631304347825
0.00555631304347825
0.01109481739130442
0.005556313043478215
0.00555631304347824
0.01109481739130433
0
0
0
0
0
0
0
0
0
0.01109481739130438
0
0
0
0.005556313043478209
0.00555631304347826
0.00555631304347826
0
0
0
0.005556313043478242
0.0166155130434782
0.0166155130434782
0.01661551304347812
0.005556313043478242
0.005556313043478242
0
0
0
0
0
0.005556313043478246
0.005556313043478246
0.005556313043478246
0.005556313043478246
0
0
0
0.00555631304347823
0.01109481739130441
0.00555631304347823
0.005556313043478208
0
0
0
0
0
0
0
0
0
0
0
0
0
0
0
0
0.005556313043478244
0
0
0
0
0
0
0
0.005556313043478218
0
0
0.01109481739130426
0.005556313043478228
0.005556313043478255
0
0
0
0.005556313043478239
0.005556313043478239
0
0.00555631304347826
0.0110948173913044
0.00555631304347826
0
0
0
0.0110948173913043
0.005556313043478239
0.005556313043478239
0.005556313043478227
0
0
0.01109481739130431
0.005556313043478244
0.005556313043478244
0
0
0
0
0
0
0
0.005556313043478213
0.005556313043478213
0.005556313043478213
0
0
0
0.01661551304347829
0
0.01109481739130436
0.01109481739130429
0.005556313043478243
0.005556313043478243
0.01109481739130438
0.01109481739130438
0
0.0166155130434781
0.0110948173913043
0.005556313043478218
0
0.01109481739130442
0.01109481739130436
0
0
0.005556313043478253
0.005556313043478226
0.005556313043478224
0.005556313043478224
0.005556313043478211
0.005556313043478211
0.01661551304347836
0.02211840000000044
0.005556313043478209
0
0
0
0.005556313043478215
0.005556313043478252
0.01109481739130432
0.01109481739130432
0.005556313043478213
0.005556313043478213
0
0
0
0
0.005556313043478259
0.0110948173913044
0.005556313043478259
0.005556313043478246
0.005556313043478246
0
0
0
0
0.01109481739130431
0.0110948173913044
0.005556313043478243
0.005556313043478243
0.005556313043478243
0
0.005556313043478221
0.005556313043478253
0.005556313043478253
0.005556313043478253
0.01109481739130436
0.01109481739130432
0.005556313043478252
0.02211840000000048
0.01109481739130424
0
0
0.005556313043478239
0
0
0
0.005556313043478226
0
0
0.005556313043478239
0
0.005556313043478251
0
0
0.005556313043478218
0.01109481739130438
0
0
0
0
0
0.00555631304347825
0
0
0.005556313043478239
0
0
0
0
0
0
0
0.005556313043478239
0
0
0
0.00555631304347823
0.00555631304347823
0.01109481739130447
0.01661551304347845
0.01109481739130432
0
0
0.0110948173913043
0.01109481739130436
0.01109481739130436
0.0110948173913044
0.00555631304347825
0
0
0.005556313043478216
0
0
0.005556313043478242
0
0.005556313043478245
0
0.01109481739130432
0.005556313043478215
0
0
0
0.005556313043478209
0
0
0
0
0
0.005556313043478223
0.01109481739130432
0
0.005556313043478216
0.005556313043478216
0.005556313043478216
0.01661551304347799
0.01661551304347802
0.005556313043478223
0.005556313043478228
0.01109481739130429
0.005556313043478238
0
0.005556313043478256
0.005556313043478259
0.005556313043478226
0
0.00555631304347821
0
0
0.005556313043478259
0
0
0.005556313043478215
0.005556313043478215
0
0
0
0
0.01109481739130429
0.01661551304347815
0.0110948173913043
0.01661551304347813
0.005556313043478246
0.005556313043478246
0.005556313043478246
0
0.00555631304347825
0
0
0.00555631304347822
0
0
0
0.00555631304347824
0.005556313043478227
0.005556313043478229
0
0
0
0.0110948173913043
0.0110948173913043
0.005556313043478245
0.005556313043478248
0
0.005556313043478258
0
0
0
0.01109481739130447
0.005556313043478247
0
0.005556313043478212
0.005556313043478212
0
0.0110948173913043
0.0110948173913043
0.01109481739130437
0.01109481739130436
0.005556313043478246
0.01109481739130435
0.03307074782608697
0.01109481739130434
0.005556313043478253
0
0
0
0.005556313043478213
0.01109481739130425
0
0
0.005556313043478257
0.005556313043478238
0
0
0
0
0.005556313043478259
0.01109481739130436
0.00555631304347821
0
0
0
0.005556313043478221
0.005556313043478218
0.01109481739130436
0.01109481739130436
0.01661551304347827
0.01661551304347827
0
0
0
0.01109481739130439
0
0.005556313043478247
0.005556313043478247
0.005556313043478247
0
0.005556313043478246
0.005556313043478246
0.0166155130434782
0.01109481739130436
0
0.005556313043478245
0.005556313043478245
0
0
0
0
0
0
0.005556313043478249
0
0.01109481739130443
0.005556313043478252
0
0.005556313043478253
0.005556313043478253
0.005556313043478253
0.005556313043478253
0
0
0
0
0.005556313043478259
0.01109481739130434
0.0110948173913044
0.01109481739130428
0
0.005556313043478221
0.01109481739130422
0.01109481739130436
0.00555631304347824
0
0
0
0
0.005556313043478252
0.005556313043478251
0.01109481739130432
0
0
0.01109481739130416
0.0110948173913042
0
0.005556313043478209
0
0
0
0.00555631304347825
0.005556313043478208
0.005556313043478209
0.005556313043478243
0.005556313043478243
0.0110948173913044
0.005556313043478252
0.01109481739130442
0.01109481739130421
0.005556313043478224
0
0
0.005556313043478236
0.01109481739130432
0.0110948173913043
0.005556313043478233
0
0
0.005556313043478218
0.005556313043478226
0
0
0
0.005556313043478245
0
0
0
0.005556313043478238
0
0.01109481739130447
0.01661551304347833
0.005556313043478254
0.005556313043478256
0
0.005556313043478219
0
0
0
0
0
0
0.005556313043478234
0
0.005556313043478244
0.01109481739130434
0.01661551304347816
0.02211840000000019
0.0110948173913044
0.01109481739130435
0
0
0.01109481739130432
0.01109481739130436
0
0.005556313043478251
0
0
0.00555631304347821
0
0
0.005556313043478218
0.005556313043478218
0
0
0.005556313043478213
0.005556313043478213
0.005556313043478213
0
0.005556313043478216
0.005556313043478216
0.005556313043478233
0
0.01109481739130451
0.005556313043478213
0.005556313043478229
0.005556313043478229
0
0
0.005556313043478235
0.005556313043478233
0
0.01661551304347828
0.01109481739130439
0.005556313043478246
0
0.01109481739130436
0.01109481739130434
0.00555631304347824
0
0
0.005556313043478221
0.005556313043478221
0
0
0
0.01661551304347792
0.02211840000000046
0.01661551304347818
0.02211840000000049
0.0110948173913042
0.0110948173913042
0
0
0
0
0
0
0
0
0
0.005556313043478209
0.00555631304347821
0.01661551304347833
0.01109481739130441
0
0
0.01661551304347826
0
0
0.01109481739130438
0
0
0
0
0.005556313043478229
0
0
0.005556313043478221
0
0
0
0
0
0.005556313043478216
0.005556313043478216
0.005556313043478219
0.005556313043478219
0.005556313043478219
0.005556313043478219
0.005556313043478219
0
0.005556313043478251
0
0
0
0
0.005556313043478219
0.005556313043478235
0
0
0
0
0
0
0
0.005556313043478239
0.005556313043478242
0.005556313043478242
0
0
0
0
0.005556313043478218
0.005556313043478225
0.005556313043478225
0
0.005556313043478239
0.005556313043478239
0
0
0
0
0
0
0
0
0
0
0
0.005556313043478215
0.005556313043478249
0
0
0
0.005556313043478229
0.01109481739130425
0.01661551304347815
0.01109481739130426
0.01109481739130426
0.01109481739130423
0.00555631304347826
0.005556313043478239
0.01109481739130434
0.01109481739130431
0
0
0
0
0
0
0
0
0
0
0
0.005556313043478212
0
0
0
0.01109481739130418
0.01109481739130418
0
0
0
0.005556313043478209
0
0
0
0
0
0
0.005556313043478243
0.005556313043478243
0
0
0
0
0
0
0
0
0
0.005556313043478223
0
0
0
0
0
0
0
0
0
0.005556313043478246
0.005556313043478246
0
0
0
0
0.005556313043478253
0.01109481739130443
0.005556313043478253
0.005556313043478253
0.01109481739130432
0.01109481739130423
0
0.005556313043478226
0.005556313043478248
0
0
0.005556313043478256
0.01661551304347826
0.01661551304347829
0
0.01109481739130426
0
0
0
0
0
0
0
0
0.02211840000000023
0.01109481739130433
0
0
0.01661551304347822
0.01109481739130436
0.01109481739130436
0.005556313043478239
0.01109481739130429
0
0.005556313043478259
0.005556313043478234
0.00555631304347822
0
0
0
0.005556313043478223
0.005556313043478244
0
0.005556313043478252
0.005556313043478252
0.005556313043478252
0
0
0.005556313043478239
0
0
0
0
0.01109481739130421
0
0
0
0.01109481739130443
0
0
0.005556313043478218
0
0
0.00555631304347824
0.005556313043478223
0.005556313043478223
0
0
0.005556313043478256
0.01109481739130447
0.005556313043478215
0.01661551304347839
0.01661551304347827
0.005556313043478252
0.01109481739130438
0.005556313043478252
0.005556313043478252
0
0
0.005556313043478256
0
0
0.01109481739130434
0.005556313043478233
0
0.005556313043478209
0
0
0
0
0
0
0
0.01661551304347832
0.0110948173913044
0.005556313043478256
0.005556313043478212
0
0
0.005556313043478233
0
0.005556313043478245
0.005556313043478245
0.005556313043478245
0.005556313043478245
0.01109481739130441
0
0.01661551304347841
0.02211840000000052
0.03307074782608782
0.02760347826086974
0.03307074782608786
0.02760347826086975
0.02211840000000016
0
0.00555631304347825
0
0.005556313043478231
0.005556313043478236
0
0
0.005556313043478209
0.01109481739130425
0.01109481739130434
0.005556313043478209
0
0
0
0
0
0
0
0
0
0.01661551304347812
0.005556313043478255
0.005556313043478236
0
0
0
0
0.005556313043478243
0
0
0
0.0110948173913043
0.01661551304347811
0
0.005556313043478216
0.005556313043478216
0.005556313043478252
0.005556313043478246
0.005556313043478255
0.01661551304347831
0.01109481739130426
0
0.005556313043478209
0
0
0
0
0
0
0.02760347826086973
0.01109481739130442
0
0
0
0
0.01661551304347832
0.01109481739130425
0
0
0
0.005556313043478225
0
0
0
0.0110948173913043
0.005556313043478239
0.005556313043478239
0.005556313043478239
0.005556313043478239
0.005556313043478239
0.01109481739130436
0.00555631304347821
0.00555631304347821
0
0
0
0.01661551304347806
0.01661551304347813
0.01109481739130432
0.01661551304347809
0.01109481739130429
0.005556313043478245
0
0
0.005556313043478253
0
0.005556313043478228
0
0
0.01109481739130421
0.01109481739130421
0.005556313043478233
0
0
0
0
0.005556313043478216
0
0
0
0
0
0.005556313043478254
0.005556313043478254
0
0.005556313043478226
0.00555631304347821
0.00555631304347821
0.005556313043478225
0.005556313043478221
0.005556313043478221
0
0.0166155130434779
0.005556313043478218
0
0
0
0.00555631304347821
0.00555631304347821
0.005556313043478222
0
0
0
0
0
0
0
0.005556313043478252
0.005556313043478237
0
0
0.01661551304347803
0
0.005556313043478256
0.005556313043478232
0
0.005556313043478257
0.005556313043478257
0.005556313043478257
0
0.005556313043478235
0.005556313043478254
0.005556313043478209
0.005556313043478209
0.005556313043478209
0
0
0
0
0.005556313043478252
0
0.01109481739130435
0.005556313043478245
0
0.005556313043478226
0.005556313043478226
0.005556313043478227
0.005556313043478227
0.005556313043478229
0.01109481739130424
0.01109481739130424
0.005556313043478218
0.005556313043478218
0
0
0.005556313043478239
0
0
0.005556313043478222
0.005556313043478222
0.01109481739130439
0.005556313043478249
0
0
0
0
0
0
0.005556313043478234
0.01109481739130426
0.005556313043478221
0.005556313043478253
0.005556313043478253
0.005556313043478221
0.005556313043478221
0.005556313043478221
0.005556313043478221
0.01109481739130422
0.005556313043478212
0.01109481739130448
0.005556313043478212
0
0
0
0
0
0
0
0
0
0
0
0
0
0.01109481739130431
0.005556313043478246
0.005556313043478246
0.005556313043478246
0.005556313043478214
0
0
0.01109481739130429
0.005556313043478214
0
0
0.01109481739130445
0.01109481739130447
0.01109481739130447
0
0
0
0
0
0
0
0
0
0.01109481739130436
0.01661551304347821
0.0221184000000004
0.02211840000000039
0.02211840000000059
0.01109481739130419
0.005556313043478233
0.005556313043478233
0.01109481739130441
0.005556313043478226
0.005556313043478258
0
0.005556313043478221
0
0
0
0
0.005556313043478238
0.005556313043478212
0
0.005556313043478231
0.005556313043478228
0.005556313043478254
0
0.005556313043478245
0.005556313043478245
0.005556313043478245
0
0
0.005556313043478224
0
0
0.005556313043478217
0.01109481739130433
0.005556313043478248
0.01109481739130436
0.005556313043478229
0.01109481739130434
0.005556313043478248
0
0.01109481739130451
0.005556313043478259
0
0.01109481739130436
0.01661551304347825
0.01109481739130432
0.005556313043478246
0.01661551304347813
0.01109481739130429
0.01109481739130432
0
0
0
0
0
0.01109481739130445
0.005556313043478253
0.005556313043478253
0.005556313043478216
0
0
0
0
0.005556313043478239
0
0
0.005556313043478222
0
0
0
0
0.005556313043478243
0
0.0110948173913045
0.005556313043478259
0.005556313043478212
0.005556313043478246
0
0
0
0
0
0
0
0
0
0
0
0
0.005556313043478212
0.00555631304347821
0.00555631304347821
0
0
0
0.01109481739130436
0
0
0
0
0.005556313043478239
0
0.005556313043478258
0.0110948173913044
0.005556313043478239
0.005556313043478239
0.02211840000000023
0.01109481739130429
0.005556313043478243
0
0.005556313043478239
0.005556313043478239
0.005556313043478239
0.01109481739130427
0
0
0
0.005556313043478229
0
0
0.005556313043478259
0.005556313043478259
0.01109481739130435
0
0.005556313043478226
0.005556313043478226
0
0
0
0.00555631304347823
0.01661551304347817
0.0221184000000003
0.005556313043478237
0.01109481739130426
0
0.005556313043478226
0.01661551304347831
0.01109481739130438
0.005556313043478249
0
0.01661551304347826
0.01109481739130444
0.005556313043478254
0
0
0
0.00555631304347822
0.00555631304347822
0.005556313043478222
0
0
0
0
0
0
0.01109481739130441
0.005556313043478252
0
0
0
0.005556313043478229
0.005556313043478222
0
0.01109481739130433
0.01661551304347815
0
0
0.005556313043478233
0
0
0
0
0.005556313043478216
0.005556313043478216
0
0
0.005556313043478237
0.01109481739130427
0.01109481739130427
0.01109481739130423
0.005556313043478222
0.01109481739130424
0.00555631304347821
0.01661551304347813
0.01109481739130432
0
0.005556313043478244
0.005556313043478235
0.00555631304347823
0.01109481739130421
0
0
0.005556313043478252
0
0
0
0
0
0.00555631304347822
0.005556313043478224
0.0110948173913042
0.01109481739130421
0.01109481739130421
0
0
0.005556313043478228
0
0
0.005556313043478256
0.01109481739130437
0.01109481739130418
0.01109481739130429
0.005556313043478231
0.005556313043478219
0.005556313043478219
0
0
0.005556313043478245
0.005556313043478245
0
0
0
0
0
0.00555631304347821
0
0
0
0.0110948173913044
0.005556313043478242
0
0
0.005556313043478241
0.005556313043478241
0.005556313043478241
0
0.005556313043478255
0
0
0
0
0.005556313043478251
0
0
0.005556313043478253
0
0
0
0.005556313043478234
0.005556313043478243
0.01661551304347826
0.005556313043478216
0
0.005556313043478252
0.01109481739130439
0.01109481739130439
0.01109481739130439
0.005556313043478239
0
0
0
0
0
0
0.005556313043478235
0
0
0
0
0
0
0
0
0
0
0.005556313043478219
0.005556313043478219
0.005556313043478219
0
0
0.005556313043478219
0.005556313043478217
0.005556313043478217
0
0.005556313043478245
0.0110948173913044
0.0110948173913044
0.01109481739130445
0.01661551304347782
0.01109481739130416
0.005556313043478212
0.005556313043478227
0
0
0
0
0
0
0
0
0
0
0
0.01109481739130424
0.005556313043478229
0
0
0
0
0
0
0
0
0
0
0.005556313043478251
0
0
0.005556313043478241
0.005556313043478241
0.005556313043478241
0
0
0.00555631304347821
0.00555631304347821
0
0
0
0
0
0.005556313043478252
0
0.01109481739130434
0.01661551304347812
0.02760347826086969
0
0
0
0.01109481739130434
0.00555631304347821
0.0110948173913044
0.01661551304347824
0.005556313043478213
0.005556313043478213
0.005556313043478213
0.005556313043478213
0
0.005556313043478224
0
0
0.005556313043478221
0
0
0
0.00555631304347823
0.00555631304347823
0.00555631304347823
0
0
0.005556313043478252
0.01661551304347826
0.01109481739130435
0
0
0.005556313043478236
0
0.005556313043478219
0.005556313043478219
0
0
0.005556313043478247
0.005556313043478252
0.005556313043478252
0.0110948173913044
0
0
0
0
0.01109481739130417
0
0
0
0
0
0
0.0110948173913043
0.01109481739130425
0.005556313043478237
0.01109481739130432
0.005556313043478252
0.01109481739130441
0
0.005556313043478211
0.005556313043478211
0.005556313043478211
0.005556313043478211
0
0
0
0
0
0.005556313043478243
0.01109481739130431
0.01661551304347831
0.00555631304347823
0.01661551304347798
0.005556313043478228
0
0.005556313043478239
0.01109481739130427
0.02211840000000021
0.0166155130434781
0.005556313043478245
0
0.005556313043478214
0
0
0
0
0
0
0
0
0
0.01109481739130436
0.005556313043478239
0.005556313043478259
0.005556313043478259
0.005556313043478259
0.005556313043478239
0.005556313043478239
0.005556313043478239
0.01661551304347815
0.01109481739130431
0.005556313043478236
0.005556313043478239
0.005556313043478215
0
0
0.005556313043478241
0
0
0
0
0
0.005556313043478216
0.005556313043478216
0.005556313043478253
0
0.00555631304347824
0.01109481739130428
0.005556313043478243
0.005556313043478237
0
0
0
0.005556313043478237
0
0
0.01109481739130416
0.01109481739130431
0.01661551304347791
0.01661551304347792
0.02760347826086971
0.02760347826086971
0.01109481739130433
0.005556313043478213
0
0.005556313043478211
0.005556313043478211
0.01109481739130449
0
0
0
0
0
0
0
0.005556313043478253
0
0.005556313043478219
0.01109481739130421
0.005556313043478219
0.005556313043478223
0
0.005556313043478242
0.005556313043478253
0.005556313043478246
0.005556313043478246
0.01661551304347822
0.005556313043478232
0.005556313043478239
0.01661551304347806
0.01661551304347808
0.01661551304347804
0.005556313043478239
0.01109481739130431
0.01661551304347821
0.005556313043478253
0.00555631304347826
0.005556313043478223
0.005556313043478212
0.005556313043478212
0.005556313043478212
0.005556313043478243
0.01109481739130435
0.005556313043478259
0.005556313043478216
0
0
0
0
0
0
0
0.005556313043478223
0.005556313043478223
0
0
0
0
0
0.005556313043478229
0.005556313043478229
0.005556313043478229
0.005556313043478213
0.00555631304347821
0.00555631304347821
0
0
0
0
0.0110948173913043
0.005556313043478229
0.005556313043478229
0
0
0
0
0.005556313043478233
0
0
0
0
0
0.005556313043478229
0.01109481739130433
0.005556313043478245
0
0
0.005556313043478218
0
0.005556313043478238
0.005556313043478241
0
0
0
0
0
0
0
0
0
0
0
0.005556313043478251
0.005556313043478251
0.01661551304347822
0
0
0
0
0
0
0
0.01109481739130429
0.01109481739130429
0
0
0
0
0.005556313043478209
0
0
0
0
0.005556313043478242
0
0
0
0
0
0
0.005556313043478239
0.005556313043478226
0
0
0
0.005556313043478259
0
0.005556313043478233
0.005556313043478233
0.005556313043478233
0
0
0
0.01109481739130428
0.01109481739130428
0.005556313043478221
0
0
0
0.005556313043478218
0.005556313043478218
0
0
0.00555631304347821
0.0166155130434784
0.01661551304347829
0.01661551304347828
0.005556313043478209
0.005556313043478209
0
0.005556313043478258
0
0.005556313043478233
0
0
0
0
0.005556313043478236
0.005556313043478236
0
0
0
0
0
0
0.0110948173913043
0.01661551304347811
0.005556313043478216
0.005556313043478216
0
0
0
0.005556313043478253
0
0
0.0110948173913044
0.0110948173913044
0
0
0.00555631304347822
0.00555631304347822
0.00555631304347822
0
0.005556313043478254
0
0
0
0.005556313043478227
0
0
0.01109481739130434
0.01109481739130432
0.005556313043478246
0
0
0.01109481739130431
0.01661551304347817
0
0
0.00555631304347825
0
0
0
0.005556313043478248
0
0
0
0
0
0
0
0
0.005556313043478209
0.005556313043478209
0
0
0.005556313043478222
0
0.005556313043478211
0.005556313043478211
0.01109481739130449
0.01109481739130445
0.005556313043478251
0
0
0
0
0
0.01109481739130415
0.005556313043478223
0
0
0
0.01109481739130426
0.005556313043478222
0.005556313043478222
0
0.005556313043478222
0.01109481739130427
0.005556313043478222
0
0
0.0221184000000006
0.01109481739130434
0
0
0.005556313043478253
0.005556313043478253
0.005556313043478253
0.01661551304347826
0.01109481739130438
0
0.005556313043478239
0.005556313043478239
0
0
0
0
0.005556313043478242
0
0.005556313043478256
0
0.005556313043478246
0
0
0
0
0
0
0
0.005556313043478245
0.005556313043478217
0.005556313043478258
0.02211840000000002
0.005556313043478255
0.005556313043478255
0.005556313043478246
0
0.005556313043478222
0.005556313043478222
0.005556313043478222
0
0.01109481739130426
0.02211840000000009
0.01661551304347826
0
0.005556313043478258
0.005556313043478258
0
0
0
0
0.005556313043478257
0.005556313043478212
0.005556313043478226
0.01109481739130442
0.005556313043478225
0.005556313043478225
0
0
0
0
0
0
0
0
0
0
0.005556313043478246
0.005556313043478246
0.005556313043478257
0.005556313043478257
0.005556313043478257
0.01661551304347826
0.01109481739130432
0
0
0.005556313043478229
0
0
0
0
0.00555631304347825
0
0
0
0
0.005556313043478252
0.01109481739130433
0
0.005556313043478233
0
0
0.005556313043478239
0.01661551304347829
0.005556313043478239
0
0
0
0
0.005556313043478256
0.005556313043478231
0.00555631304347821
0.01109481739130434
0.02211840000000019
0.01109481739130434
0.005556313043478236
0
0.005556313043478236
0.01109481739130426
0.0110948173913043
0.005556313043478221
0
0
0.005556313043478235
0.01661551304347824
0.01661551304347824
0.01109481739130433
0.00555631304347825
0
0.01109481739130441
0
0
0
0.01109481739130441
0.005556313043478243
0.01109481739130431
0.01109481739130423
0
0.00555631304347821
0.00555631304347821
0
0.005556313043478235
0.005556313043478235
0
0
0
0.005556313043478239
0.005556313043478216
0
0.005556313043478257
0
0
0.005556313043478242
0.005556313043478239
0
0
0
0
0
0
0
0
0.005556313043478245
0
0.005556313043478222
0.005556313043478222
0
0.005556313043478217
0.005556313043478217
0.005556313043478217
0.01109481739130438
0.005556313043478226
0.005556313043478248
0
0
0.01661551304347821
0.02211840000000006
0
0
0.00555631304347822
0.0110948173913042
0.0166155130434784
0.005556313043478236
0
0.01109481739130424
0.01109481739130416
0.005556313043478209
0.01109481739130439
0
0.005556313043478256
0.01661551304347825
0.01109481739130436
0.01109481739130436
0.01109481739130435
0.005556313043478258
0.005556313043478232
0.005556313043478232
0
0.005556313043478241
0.005556313043478212
0
0
0
0.005556313043478252
0.005556313043478252
0.005556313043478252
0
0.005556313043478252
0.02211840000000005
0.01109481739130435
0.005556313043478255
0
0
0.005556313043478256
0.005556313043478256
0.01109481739130428
0.005556313043478258
0
0.01109481739130436
0.005556313043478249
0
0.005556313043478222
0.005556313043478222
0.005556313043478222
0
0.005556313043478233
0
0
0
0
0
0
0
0
0
0
0
0
0
0.005556313043478246
0.005556313043478246
0.005556313043478246
0
0.005556313043478213
0.005556313043478213
0
0.005556313043478252
0
0
0
0
0
0
0
0
0
0
0.005556313043478228
0.005556313043478259
0
0
0
0.005556313043478246
0.01109481739130442
0
0
0
0
0.005556313043478239
0
0.005556313043478212
0.0166155130434783
0.01109481739130442
0.005556313043478233
0
0
0
0
0
0
0
0
0.01109481739130435
0
0.005556313043478242
0.005556313043478242
0.01109481739130429
0.01109481739130433
0.01661551304347818
0.005556313043478226
0
0
0.005556313043478222
0
0
0
0
0
0.005556313043478209
0.01661551304347847
0.01109481739130448
0
0
0
0
0
0
0.00555631304347822
0.00555631304347822
0
0
0
0
0
0
0
0
0.005556313043478237
0.01661551304347819
0.005556313043478212
0.005556313043478224
0
0.03307074782608762
0.02211840000000062
0.00555631304347821
0.005556313043478239
0.005556313043478239
0.01109481739130432
0.005556313043478246
0.005556313043478246
0
0
0
0.005556313043478216
0
0
0
0
0.01109481739130424
0.005556313043478222
0
0.01661551304347838
0.02211840000000002
0
0
0
0
0
0
0.005556313043478208
0
0
0.005556313043478256
0.005556313043478256
0
0.00555631304347822
0
0
0.005556313043478257
0.005556313043478257
0.005556313043478237
0.005556313043478251
0
0.005556313043478238
0.01109481739130432
0.005556313043478223
0
0
0
0
0.005556313043478234
0.005556313043478234
0
0
0.005556313043478253
0
0
0
0.01109481739130426
0
0.005556313043478227
0.005556313043478227
0.005556313043478248
0.01109481739130427
0.005556313043478237
0.005556313043478209
0.01109481739130415
0.00555631304347826
0.00555631304347826
0.005556313043478231
0.005556313043478256
0.005556313043478256
0.005556313043478256
0.005556313043478256
0
0
0
0
0.01109481739130428
0.005556313043478244
0.005556313043478249
0.01109481739130423
0
0
0
0
0
0
0
0.005556313043478216
0.005556313043478236
0
0.01109481739130435
0
0.005556313043478227
0.005556313043478227
0.005556313043478225
0
0
0
0
0
0.005556313043478221
0
0.00555631304347821
0.01109481739130439
0.01661551304347818
0.005556313043478223
0.005556313043478223
0.005556313043478223
0.005556313043478223
0
0.005556313043478233
0.016615513043478
0.01109481739130425
0.005556313043478233
0.01661551304347827
0.01661551304347827
0.005556313043478252
0
0
0
0
0.01109481739130421
0.005556313043478219
0.005556313043478219
0
0
0.005556313043478239
0.005556313043478239
0.01109481739130436
0.01109481739130436
0
0.005556313043478237
0.005556313043478237
0
0
0
0
0.005556313043478228
0.005556313043478228
0
0
0
0
0
0
0.005556313043478235
0.005556313043478235
0
0.005556313043478235
0
0.005556313043478227
0.005556313043478227
0.005556313043478227
0.005556313043478256
0
0.01109481739130429
0.02211840000000018
0.02760347826086963
0.02211840000000014
0.02211840000000018
0.01661551304347826
0.02760347826086976
0.0166155130434783
0.01661551304347829
0.01109481739130422
0.01109481739130423
0.005556313043478246
0
0.005556313043478255
0.005556313043478255
0.01109481739130443
0.0110948173913044
0
0
0
0
0.005556313043478243
0.005556313043478216
0.01109481739130419
0.005556313043478248
0.005556313043478248
0.01109481739130421
0.01661551304347792
0.02760347826086971
0.01109481739130447
0
0.005556313043478229
0
0
0
0
0.005556313043478239
0.01109481739130432
0
0
0.005556313043478245
0.01661551304347826
0.005556313043478252
0.01109481739130433
0.01109481739130433
0
0
0
0
0
0.01109481739130433
0.0166155130434781
0
0
0
0.00555631304347824
0.00555631304347824
0.005556313043478227
0
0.005556313043478253
0
0
0.005556313043478256
0.005556313043478256
0
0.005556313043478233
0
0.005556313043478257
0.005556313043478257
0
0
0
0
0
0.005556313043478221
0
0.005556313043478239
0
0.005556313043478256
0
0
0
0
0
0
0
0
0
0
0.005556313043478223
0.005556313043478223
0
0
0.00555631304347822
0.00555631304347822
0
0
0.005556313043478239
0.005556313043478251
0.01661551304347832
0
0
0.005556313043478217
0
0.005556313043478246
0.02211840000000018
0.0110948173913042
0.0110948173913042
0
0
0
0
0
0
0
0
0
0
0
0
0.01109481739130427
0.005556313043478241
0
0.00555631304347826
0
0
0
0
0
0.005556313043478239
0.01109481739130439
0
0.005556313043478227
0.01109481739130422
0.01661551304347796
0.005556313043478225
0
0
0
0
0
0
0.005556313043478259
0
0.005556313043478244
0.01109481739130429
0.01109481739130429
0.01109481739130436
0.01109481739130436
0
0
0
0
0
0
0
0.00555631304347826
0.01109481739130434
0.00555631304347826
0.005556313043478233
0
0
0.00555631304347826
0.00555631304347826
0
0.005556313043478219
0.005556313043478219
0.005556313043478219
0.01661551304347805
0.005556313043478208
0
0
0.01661551304347811
0.01661551304347812
0.01109481739130436
0.00555631304347822
0
0
0.005556313043478234
0.005556313043478234
0.005556313043478234
0.005556313043478234
0.005556313043478234
0.005556313043478237
0.01109481739130431
0
0
0.005556313043478255
0.01661551304347822
0.01661551304347819
0.01109481739130432
0
0
0
0
0
0.005556313043478255
0.005556313043478219
0.005556313043478219
0.005556313043478219
0.0110948173913042
0.02211840000000042
0.005556313043478227
0
0
0
0
0
0.005556313043478222
0.0110948173913042
0.01109481739130429
0.01109481739130423
0.01109481739130423
0
0
0
0
0
0
0.01109481739130432
0.02211840000000026
0.01109481739130432
0.01661551304347815
0.005556313043478239
0
0
0
0
0
0.01661551304347834
0.005556313043478246
0.005556313043478218
0
0
0
0
0
0.005556313043478258
0.005556313043478244
0.005556313043478244
0.005556313043478225
0
0
0.01109481739130423
0
0
0
0.01109481739130422
0.01661551304347789
0.01109481739130419
0.005556313043478219
0.005556313043478219
0
0
0.005556313043478233
0.005556313043478233
0.01109481739130443
0.005556313043478233
0
0
0
0
0.01109481739130422
0.005556313043478254
0
0
0
0
0
0
0.005556313043478218
0.005556313043478218
0.005556313043478218
0
0
0.02211840000000012
0.01109481739130442
0.01109481739130428
0.005556313043478229
0.005556313043478236
0.005556313043478236
0.005556313043478236
0.005556313043478236
0.01109481739130425
0.005556313043478236
0
0
0
0
0.005556313043478216
0
0
0
0
0
0.005556313043478233
0.005556313043478211
0.01109481739130416
0.005556313043478211
0.005556313043478211
0
0
0
0
0.005556313043478236
0.005556313043478222
0
0.01109481739130432
0.00555631304347825
0
0.005556313043478214
0
0.00555631304347826
0
0.005556313043478209
0
0
0
0
0
0
0
0.005556313043478233
0.01109481739130424
0
0
0
0.005556313043478247
0
0
0
0
0.005556313043478239
0.005556313043478239
0
0.01109481739130437
0.02211840000000012
0.01109481739130426
0.0110948173913044
0.005556313043478225
0
0.0110948173913044
0
0
0.005556313043478226
0
0
0
0
0
0.005556313043478248
0
0.005556313043478242
0
0
0.01109481739130443
0.01109481739130438
0
0
0
0.01109481739130429
0.01109481739130429
0
0
0
0.01661551304347827
0.005556313043478226
0
0
0
0
0
0
0
0
0
0
0.00555631304347821
0.005556313043478213
0.005556313043478213
0.005556313043478213
0.005556313043478254
0.01109481739130438
0.005556313043478216
0.01109481739130434
0.02211840000000025
0
0
0.005556313043478209
0
0
0.005556313043478212
0
0
0
0
0
0
0.01661551304347818
0.005556313043478245
0
0.01109481739130447
0
0
0.01109481739130425
0.01661551304347801
0.01109481739130423
0.02211840000000046
0.00555631304347822
0.00555631304347822
0.01109481739130421
0.01661551304347816
0.00555631304347822
0.005556313043478213
0.005556313043478213
0
0
0
0
0.0110948173913043
0.01109481739130429
0.01661551304347823
0
0
0
0
0
0.005556313043478212
0
0
0
0.005556313043478253
0.005556313043478253
0.01109481739130436
0.005556313043478251
0
0
0.005556313043478231
0.005556313043478236
0
0
0
0.01661551304347818
0.005556313043478233
0
0
0
0
0.005556313043478254
0
0
0.01661551304347831
0.0110948173913044
0.00555631304347823
0
0
0
0
0
0
0.01109481739130436
0
0.01109481739130433
0.005556313043478256
0.005556313043478243
0.005556313043478239
0
0.005556313043478259
0
0
0
0.01109481739130425
0.005556313043478213
0.005556313043478227
0
0
0.005556313043478211
0.005556313043478211
0.02211840000000007
0.01661551304347821
0.005556313043478251
0.005556313043478258
0.01109481739130445
0.005556313043478258
0
0
0.00555631304347823
0.00555631304347823
0.00555631304347823
0
0.01661551304347807
0.00555631304347823
0.005556313043478252
0.01661551304347838
0.01109481739130418
0.01661551304347788
0.005556313043478216
0
0
0
0.005556313043478229
0
0.01661551304347825
0.005556313043478246
0
0
0
0
0.01109481739130418
0.005556313043478216
0.005556313043478216
0.005556313043478216
0.005556313043478216
0
0
0
0.005556313043478251
0.005556313043478251
0.01661551304347832
0.005556313043478251
0
0.005556313043478227
0.01661551304347814
0.005556313043478232
0.00555631304347821
0.01109481739130423
0.01109481739130425
0
0.005556313043478241
0
0
0
0.005556313043478211
0.005556313043478211
0
0.01109481739130434
0.005556313043478233
0
0
0
0.005556313043478237
0.005556313043478245
0.01109481739130431
0.01661551304347815
0.00555631304347825
0.01109481739130434
0
0
0
0
0.005556313043478216
0.01109481739130444
0.005556313043478216
0
0
0
0
0
0
0
0
0
0
0
0
0
0
0
0
0
0
0
0
0
0.005556313043478226
0.005556313043478226
0
0
0
0
0
0
0.0110948173913044
0
0
0.005556313043478214
0.00555631304347821
0.0110948173913043
0.005556313043478212
0
0
0.005556313043478233
0.005556313043478212
0
0.005556313043478253
0
0
0
0
0
0.01109481739130439
0.01109481739130435
0
0
0
0
0
0.01661551304347849
0.01109481739130441
0.005556313043478251
0
0.005556313043478243
0
0
0.005556313043478212
0
0.01109481739130425
0.005556313043478243
0.01109481739130418
0.01661551304347831
0.01109481739130419
0.005556313043478216
0
0
0
0.005556313043478252
0.005556313043478252
0.005556313043478252
0
0
0
0
0
0.005556313043478211
0
0
0
0
0.01109481739130425
0.01109481739130425
0.01109481739130425
0.01661551304347817
0.0166155130434783
0.005556313043478245
0.005556313043478245
0.005556313043478253
0.005556313043478217
0
0.005556313043478255
0
0
0
0
0
0.01109481739130432
0.005556313043478235
0.005556313043478235
0.005556313043478239
0
0
0
0
0
0
0
0
0.005556313043478241
0
0
0.005556313043478212
0
0
0
0.005556313043478238
0.005556313043478237
0.005556313043478237
0.01109481739130442
0.01661551304347829
0.005556313043478246
0.005556313043478246
0.0110948173913043
0.005556313043478245
0.01109481739130429
0.01109481739130438
0.005556313043478226
0.005556313043478253
0.005556313043478253
0
0
0
0
0
0
0.005556313043478236
0.005556313043478236
0.005556313043478236
0
0
0.0110948173913044
0
0
0.005556313043478211
0.005556313043478221
0.005556313043478247
0
0
0.01109481739130425
0.005556313043478235
0
0.005556313043478215
0
0
0
0.005556313043478237
0
0.01109481739130429
0.01109481739130429
0.005556313043478237
0.005556313043478251
0.005556313043478251
0
0.005556313043478219
0.005556313043478219
0
0.005556313043478237
0
0
0.005556313043478235
0
0
0
0
0
0
0
0
0
0
0
0
0.00555631304347825
0.00555631304347825
0
0
0
0
0.005556313043478217
0.005556313043478217
0
0.005556313043478237
0.005556313043478237
0.005556313043478237
0
0.005556313043478236
0
0
0
0
0.005556313043478227
0
0.01109481739130435
0
0
0
0.005556313043478243
0
0.005556313043478213
0.005556313043478241
0.005556313043478241
0
0.00555631304347826
0
0
0.005556313043478249
0
0
0.005556313043478252
0
0
0
0
0.005556313043478216
0
0.005556313043478213
0.01109481739130441
0.01109481739130433
0.01661551304347816
0.00555631304347822
0
0.005556313043478243
0
0.005556313043478229
0
0
0.005556313043478231
0
0
0
0
0
0
0
0
0
0
0
0
0
0.00555631304347822
0.005556313043478221
0.005556313043478221
0
0
0.01109481739130428
0.005556313043478233
0
0
0
0.01109481739130431
0
0.01661551304347811
0.01109481739130438
0.01109481739130426
0.01109481739130424
0.005556313043478236
0
0
0
0
0.005556313043478216
0.005556313043478239
0
0
0
0
0
0.005556313043478258
0
0.005556313043478236
0
0
0
0
0.01109481739130445
0.00555631304347822
0
0.005556313043478259
0.005556313043478259
0
0
0.00555631304347822
0
0
0.01661551304347841
0.005556313043478221
0
0
0
0
0.005556313043478229
0.01109481739130437
0.00555631304347821
0.01109481739130434
0.00555631304347826
0
0.005556313043478213
0.01109481739130441
0.01661551304347824
0.005556313043478246
0
0
0
0.005556313043478251
0.01661551304347831
0.005556313043478251
0.0166155130434782
0.005556313043478243
0.01661551304347814
0.01661551304347817
0.01109481739130433
0.005556313043478233
0
0
0
0
0
0.01109481739130437
0.005556313043478243
0.005556313043478243
0
0.005556313043478257
0.005556313043478225
0.005556313043478225
0
0
0
0.005556313043478209
0.005556313043478209
0.005556313043478209
0.005556313043478219
0.005556313043478236
0
0
0
0.005556313043478248
0
0
0
0.005556313043478216
0.005556313043478222
0
0
0
0
0
0.00555631304347821
0
0.00555631304347823
0.005556313043478212
0
0
0
0
0
0
0.005556313043478238
0.01109481739130431
0
0
0
0
0
0
0
0
0
0
0
0
0
0
0
0
0
0
0
0
0
0.00555631304347825
0.01109481739130441
0.01109481739130438
0
0
0
0
0
0
0
0
0
0.00555631304347823
0
0.005556313043478242
0
0.005556313043478212
0
0
0
0
0
0
0
0
0
0
0.005556313043478259
0
0
0.005556313043478226
0.005556313043478239
0
0.005556313043478227
0
0.01109481739130421
0.005556313043478212
0.005556313043478258
0.01109481739130445
0
0
0
0
0
0
0
0
0.00555631304347821
0.00555631304347821
0
0
0
0.01109481739130439
0.01109481739130439
0.01109481739130445
0
0
0
0.005556313043478229
0
0.005556313043478259
0.005556313043478231
0.00555631304347825
0.00555631304347825
0
0
0
0
0
0
0
0.01109481739130441
0.01109481739130435
0.005556313043478226
0.005556313043478226
0
0.005556313043478214
0
0
0
0
0
0.005556313043478257
0
0
0
0
0
0
0.005556313043478244
0
0
0
0.005556313043478221
0
0
0
0
0
0
0
0
0
0
0
0
0
0
0.005556313043478238
0.01109481739130426
0.01109481739130438
0.005556313043478224
0
0.005556313043478221
0.005556313043478221
0
0
0
0.005556313043478239
0
0.016615513043478
0
0
0
0
0
0
0
0
0
0.005556313043478223
0.005556313043478223
0.01661551304347822
0
0.005556313043478239
0.005556313043478239
0
0
0
0.005556313043478222
0
0
0.005556313043478237
0
0
0.01109481739130445
0.01109481739130435
0
0
0
0.005556313043478246
0
0
0
0
0
0
0.005556313043478246
0.005556313043478246
0.005556313043478242
0.005556313043478242
0
0
0
0
0.005556313043478252
0.01109481739130433
0.01109481739130433
0
0.01109481739130442
0.00555631304347825
0.00555631304347822
0
0
0.005556313043478251
0.01109481739130441
0.005556313043478251
0.005556313043478235
0.01109481739130438
0.005556313043478235
0
0
0
0.005556313043478251
0.00555631304347825
0
0
0.005556313043478237
0.02211839999999999
0.03307074782608665
0.01109481739130451
0.005556313043478259
0
0
0
0.005556313043478233
0.005556313043478213
0
0
0
0.01109481739130447
0
0.005556313043478249
0.005556313043478249
0
0
0
0
0.005556313043478233
0.01661551304347825
0.01661551304347801
0
0
0.005556313043478218
0.01109481739130429
0
0.005556313043478239
0.005556313043478239
0
0
0
0
0
0
0
0
0
0
0
0.00555631304347825
0.00555631304347825
0
0
0
0.00555631304347822
0.005556313043478233
0.005556313043478233
0.005556313043478233
0.005556313043478215
0
0
0.01661551304347825
0.005556313043478245
0.005556313043478246
0
0.005556313043478213
0
0.005556313043478259
0
0.00555631304347825
0
0
0
0
0
0.00555631304347825
0.005556313043478246
0
0.005556313043478256
0
0
0
0
0
0
0
0.01109481739130433
0.01109481739130433
0.005556313043478246
0
0
0
0.00555631304347823
0.00555631304347823
0.005556313043478221
0
0
0.01661551304347782
0
0
0
0.0110948173913042
0.005556313043478212
0.005556313043478212
0.005556313043478212
0.005556313043478212
0.01109481739130434
0.005556313043478256
0
0.01661551304347831
0
0
0
0
0.005556313043478223
0.01109481739130424
0.005556313043478212
0
0
0.005556313043478252
0
0
0.005556313043478252
0
0
0
0.005556313043478256
0
0.01109481739130445
0
0
0.005556313043478234
0.0110948173913043
0.005556313043478231
0.01109481739130443
0.01109481739130443
0.005556313043478258
0
0
0
0.00555631304347825
0
0
0
0.005556313043478209
0
0.005556313043478252
0
0
0
0.005556313043478233
0
0
0.01109481739130451
0
0
0
0
0.005556313043478236
0
0.005556313043478238
0.005556313043478238
0
0
0
0
0.005556313043478222
0
0
0.005556313043478254
0
0
0
0
0
0
0
0
0
0.005556313043478253
0
0
0
0.005556313043478257
0.005556313043478257
0
0.005556313043478221
0.005556313043478221
0
0
0.005556313043478209
0.005556313043478219
0
0
0
0.005556313043478245
0.01661551304347823
0.01109481739130418
0.005556313043478211
0
0.00555631304347825
0.00555631304347825
0
0
0
0
0
0.005556313043478233
0
0
0
0
0
0
0.005556313043478239
0
0
0
0.01661551304347822
0.005556313043478214
0.01661551304347787
0.005556313043478214
0.005556313043478247
0.01109481739130437
0.01109481739130437
0
0
0.00555631304347825
0.00555631304347825
0.00555631304347825
0.005556313043478227
0
0
0
0
0
0.005556313043478254
0.005556313043478232
0
0
0
0
0
0
0
0.005556313043478252
0
0
0
0
0.005556313043478255
0.01109481739130441
0.005556313043478243
0.005556313043478243
0
0.005556313043478238
0.005556313043478236
0.005556313043478236
0
0
0
0.00555631304347826
0
0.005556313043478251
0
0.005556313043478242
0
0
0.005556313043478245
0
0
0
0.005556313043478251
0
0
0
0.005556313043478226
0.0110948173913043
0.005556313043478229
0
0
0.005556313043478245
0
0
0
0.005556313043478216
0
0
0
0.005556313043478246
0
0.005556313043478237
0
0
0.005556313043478215
0.005556313043478215
0.005556313043478215
0.01109481739130425
0
0
0
0
0
0
0
0
0
0
0.005556313043478256
0.01109481739130445
0.005556313043478221
0.005556313043478221
0.005556313043478221
0.00555631304347825
0
0
0
0
0.01109481739130434
0.02760347826086964
0.01661551304347822
0
0
0
0.005556313043478229
0
0.005556313043478239
0
0
0.005556313043478236
0.005556313043478236
0.005556313043478236
0.005556313043478252
0.005556313043478252
0
0
0
0.005556313043478226
0.005556313043478226
0.01109481739130425
0
0.01109481739130427
0.01109481739130443
0
0.01109481739130439
0.01109481739130442
0
0
0
0
0
0.01109481739130432
0.005556313043478253
0.005556313043478253
0.005556313043478255
0.0166155130434783
0.005556313043478255
0
0
0
0
0
0
0.005556313043478234
0
0
0
0.005556313043478213
0.005556313043478213
0.01109481739130417
0.005556313043478213
0
0
0
0.01109481739130447
0
0
0
0
0.005556313043478232
0
0
0
0.005556313043478252
0.005556313043478251
0.005556313043478251
0.01109481739130434
0.005556313043478243
0
0.00555631304347825
0.01109481739130433
0
0
0
0
0
0
0.005556313043478246
0
0.005556313043478227
0
0
0
0.005556313043478208
0.005556313043478247
0.005556313043478245
0.005556313043478245
0.005556313043478245
0
0
0.01109481739130446
0.005556313043478257
0
0
0
0
0
0
0.005556313043478233
0.005556313043478233
0
0.005556313043478232
0.005556313043478232
0.005556313043478221
0.016615513043478
0.005556313043478229
0
0
0
0
0.01661551304347799
0
0.005556313043478213
0.005556313043478234
0
0
0.01109481739130433
0.01109481739130433
0.01661551304347825
0.01109481739130424
0.005556313043478233
0
0
0
0
0.005556313043478233
0.005556313043478213
0
0
0
0
0
0
0
0
0.00555631304347825
0.005556313043478209
0.005556313043478209
0
0
0
0.005556313043478209
0.005556313043478209
0.01109481739130437
0.005556313043478251
0
0.005556313043478248
0
0
0.005556313043478251
0
0.005556313043478247
0.01109481739130434
0
0
0.005556313043478222
0.01109481739130429
0.0221184000000005
0
0.01109481739130433
0.01661551304347807
0
0
0.005556313043478216
0.01109481739130418
0.005556313043478214
0.0110948173913043
0.01109481739130426
0
0
0.01661551304347831
0.0110948173913044
0.01661551304347826
0.01109481739130423
0
0.005556313043478227
0.0110948173913043
0
0.005556313043478251
0.03307074782608699
0.01661551304347822
0.01109481739130434
0.005556313043478225
0
0.005556313043478245
0.005556313043478245
0.01109481739130429
0
0.01109481739130417
0.01109481739130446
0
0
0
0
0
0.005556313043478215
0
0
0
0
0.01109481739130435
0.01109481739130442
0.005556313043478249
0
0.005556313043478249
0.0110948173913043
0.01109481739130434
0
0
0
0.01661551304347823
0.005556313043478216
0.005556313043478216
0.01109481739130428
0
0
0.005556313043478243
0.005556313043478256
0
0
0
0.01109481739130447
0.005556313043478254
0
0
0
0
0
0.005556313043478236
0
0
0.005556313043478244
0
0
0
0
0.005556313043478223
0
0
0.005556313043478239
0.005556313043478239
0.005556313043478239
0.01661551304347813
0.005556313043478227
0.01109481739130425
0.005556313043478227
0.005556313043478226
0
0.005556313043478239
0.005556313043478239
0.005556313043478239
0.005556313043478239
0.005556313043478239
0.01109481739130429
0
0
0
0
0
0.00555631304347825
0
0.01109481739130443
0.01661551304347833
0.0110948173913043
0.005556313043478247
0.005556313043478247
0
0
0
0
0
0.005556313043478226
0.01661551304347831
0.01661551304347797
0.005556313043478228
0.01661551304347798
0.005556313043478228
0.005556313043478252
0
0
0
0
0
0.00555631304347825
0
0.005556313043478233
0.005556313043478254
0.005556313043478254
0
0.005556313043478224
0
0
0.005556313043478243
0.01109481739130438
0.01109481739130438
0.005556313043478257
0
0
0
0.01661551304347823
0.005556313043478219
0
0
0.005556313043478255
0.005556313043478255
0.005556313043478253
0
0
0.005556313043478239
0.005556313043478239
0
0
0
0.005556313043478213
0.01661551304347825
0.01661551304347819
0.005556313043478213
0.005556313043478213
0.005556313043478213
0.005556313043478213
0.005556313043478213
0
0
0.005556313043478208
0
0
0
0
0
0.005556313043478221
0
0
0.00555631304347826
0.00555631304347826
0
0.005556313043478219
0
0.00555631304347822
0.00555631304347822
0.00555631304347822
0
0.005556313043478215
0
0.005556313043478228
0.01661551304347797
0.01109481739130446
0
0.01109481739130443
0.005556313043478236
0.01109481739130433
0
0
0
0
0
0
0.01109481739130417
0.00555631304347825
0
0
0.005556313043478211
0
0
0
0
0
0.005556313043478216
0.01109481739130424
0.01109481739130419
0.01661551304347814
0.01661551304347843
0
0
0.01109481739130444
0.01109481739130434
0.01661551304347827
0.01109481739130435
0.005556313043478222
0.005556313043478222
0.005556313043478226
0.01109481739130442
0.005556313043478255
0.01109481739130438
0
0.005556313043478213
0.0166155130434779
0.005556313043478243
0
0
0
0
0
0
0.01109481739130443
0.01109481739130443
0.01661551304347839
0.005556313043478231
0.005556313043478231
0.005556313043478252
0
0.01109481739130434
0
0
0.005556313043478237
0
0
0
0
0
0
0.00555631304347822
0.01109481739130432
0
0.005556313043478252
0.005556313043478252
0.005556313043478252
0.00555631304347825
0
0
0
0
0
0.005556313043478249
0
0
0
0.005556313043478241
0
0.01109481739130423
0
0
0.01109481739130433
0.005556313043478253
0.01661551304347813
0.0110948173913044
0
0
0.005556313043478238
0.005556313043478238
0.01661551304347816
0
0
0.00555631304347823
0.01109481739130442
0
0
0.00555631304347825
0
0.005556313043478242
0
0.005556313043478232
0
0.005556313043478221
0.01109481739130434
0.005556313043478259
0.01661551304347838
0.01109481739130429
0.01109481739130429
0.005556313043478233
0.005556313043478233
0
0
0
0
0.005556313043478229
0.005556313043478219
0.01109481739130432
0.01661551304347824
0.005556313043478236
0.01109481739130427
0
0
0.005556313043478241
0.01109481739130421
0.005556313043478222
0
0.01109481739130441
0.005556313043478255
0.005556313043478255
0.01109481739130438
0
0.01109481739130436
0.005556313043478243
0
0
0
0.005556313043478209
0
0
0.005556313043478258
0.005556313043478259
0.01109481739130434
0.01661551304347834
0.01109481739130434
0.01109481739130434
0.01109481739130445
0.01109481739130422
0.005556313043478236
0.01661551304347828
0.01109481739130429
0.01109481739130429
0.0110948173913044
0.005556313043478245
0
0.00555631304347822
0.01109481739130444
0.005556313043478259
0.005556313043478259
0
0
0
0
0.005556313043478216
0
0
0.00555631304347822
0
0
0
0
0
0.005556313043478217
0.01109481739130443
0
0
0
0.0110948173913042
0.005556313043478223
0.01109481739130439
0.005556313043478221
0
0.005556313043478251
0.005556313043478233
0.01109481739130424
0.005556313043478221
0
0
0
0
0
0
0
0
0
0
0.01109481739130444
0
0
0.005556313043478242
0.01109481739130435
0.01109481739130427
0
0.005556313043478245
0.005556313043478239
0.005556313043478235
0
0
0.005556313043478219
0
0.00555631304347822
0.005556313043478246
0
0
0.01661551304347832
0.01109481739130425
0.01661551304347809
0.01109481739130429
0.005556313043478228
0
0.005556313043478214
0.005556313043478214
0.005556313043478214
0.005556313043478214
0.005556313043478214
0
0
0.005556313043478224
0
0
0
0
0.005556313043478258
0
0
0
0
0
0
0
0.005556313043478243
0.0110948173913043
0
0.005556313043478243
0.005556313043478243
0
0
0
0
0.01661551304347808
0.01109481739130427
0.0166155130434781
0.005556313043478237
0
0
0
0.005556313043478233
0
0
