0.8347733333333437
0.7999999999999968
0.6189568000000018
0.3600725333333309
0.213555200000003
0.08314879999999919
0.04212053333333312
0.04212053333333312
0.02119680000000031
0
0
0
0
0
0
0
0
0
0
0.005324799999999999
0.005324799999999999
0
0
0
0
0
0
0
0
0
0
0
0
0
0
0
0
0
0
0
0
0
0
0
0
0
0
0
0.00532479999999998
0.00532479999999998
0.00532479999999998
0.00532479999999998
0
0
0
0
0.005324799999999996
0.005324799999999996
0
0
0
0
0
0.00532479999999995
0
0
0
0.005324799999999974
0.005324799999999974
0.005324799999999974
0
0
0
0
0
0
0
0
0
0
0
0
0
0
0
0
0
0
0
0
0
0
0
0
0.005324799999999967
0.00532479999999995
0
0
0
0
0
0
0.005324799999999981
0.005324799999999981
0
0.005324799999999966
0
0
0
0
0
0
0
0
0
0
0
0.005324799999999979
0
0
0
0
0
0
0
0.005324799999999989
0.005324799999999989
0.005324799999999989
0
0
0
0
0.005324799999999989
0
0
0
0
0
0
0
0
0
0
0
0.005324799999999962
0.005324799999999962
0.005324799999999962
0
0
0
0.005324799999999993
0
0
0
0
0
0
0
0.005324799999999992
0.005324799999999992
0.005324799999999992
0.005324799999999992
0
0
0
0
0
0
0
0
0
0
0
0
0
0
0
0
0
0
0
0
0
0
0.01063253333333331
0.005324799999999994
0.005324799999999956
0.005324799999999956
0
0
0
0
0
0
0.005324799999999971
0
0
0
0
0
0
0
0
0
0
0.005324799999999954
0
0
0
0
0
0
0
0
0
0
0
0
0.005324799999999952
0.005324799999999952
0
0
0
0
0
0
0
0
0.005324799999999979
0
0
0
0
0.005324799999999991
0
0
0.005324799999999965
0
0
0
0
0
0
0
0
0
0
0
0
0
0
0
0
0
0
0
0
0
0
0
0
0
0
0
0
0
0
0
0
0
0
0
0
0
0
0
0
0
0
0
0
0
0
0
0
0
0.005324799999999963
0
0
0
0
0
0
0
0
0
0
0
0
0
0
0.005324799999999992
0.005324799999999992
0.005324799999999992
0
0.005324799999999984
0
0
0
0
0
0
0
0
0
0
0.005324799999999965
0.005324799999999965
0.005324799999999965
0
0
0
0.005324799999999996
0
0
0
0
0.005324799999999957
0
0
0
0
0.01063253333333324
0.005324799999999977
0
0
0
0
0
0.005324799999999992
0.005324799999999992
0.005324799999999992
0
0
0
0.005324799999999952
0.005324799999999952
0.005324799999999986
0
0
0
0
0
0
0
0
0
0
0
0
0
0
0
0
0
0
0
0
0
0
0
0
0
0
0
0
0
0
0
0
0
0.005324799999999989
0.005324799999999989
0.005324799999999989
0.005324799999999989
0.005324799999999953
0
0
0
0
0
0
0
0
0
0
0
0
0
0
0
0
0
0
0
0
0
0
0
0
0
0.005324799999999974
0.005324799999999974
0
0
0
0
0
0
0
0
0.01063253333333344
0.005324799999999998
0
0
0
0
0
0
0.005324799999999965
0
0
0
0
0
0
0.005324799999999961
0.005324799999999961
0.005324799999999961
0.005324799999999961
0.005324799999999961
0.005324799999999979
0.005324799999999979
0.005324799999999979
0.005324799999999959
0
0.00532479999999997
0
0
0
0
0
0
0
0
0
0
0
0
0
0
0
0
0
0
0
0.005324799999999979
0.005324799999999983
0
0
0
0
0
0
0
0
0
0
0
0
0
0
0
0
0
0
0
0
0
0
0
0
0
0
0
0
0
0
0
0
0.00532479999999995
0
0
0
0
0
0
0
0
0
0.005324799999999959
0.005324799999999959
0.005324799999999959
0
0
0
0.00532479999999995
0
0
0
0.005324799999999952
0
0
0
0
0.005324799999999967
0.005324799999999967
0.005324799999999967
0.01063253333333324
0.005324799999999972
0
0
0
0
0
0
0
0
0
0
0
0
0
0
0
0
0
0
0
0
0
0
0
0
0
0
0
0.00532479999999997
0
0
0
0
0
0
0
0
0
0
0
0
0
0
0
0
0
0.005324799999999996
0.005324799999999996
0
0
0
0
0
0
0
0
0
0
0
0
0
0
0
0
0
0
0
0.005324799999999978
0
0
0
0
0
0
0
0
0.005324799999999987
0
0.005324799999999956
0.005324799999999979
0.005324799999999979
0.005324799999999979
0.005324799999999979
0
0
0
0
0
0
0
0
0
0
0
0
0
0
0
0
0
0
0
0.005324799999999969
0
0
0
0
0
0
0
0
0
0
0
0
0
0
0
0
0
0
0
0
0
0
0
0
0
0
0
0
0
0
0.005324799999999998
0.005324799999999952
0
0
0
0
0
0.005324799999999994
0.005324799999999994
0.005324799999999994
0
0
0
0
0
0
0
0
0
0
0
0
0
0
0
0
0
0
0
0
0
0
0
0
0
0
0
0
0
0
0
0
0
0
0
0
0
0
0
0
0
0.005324799999999986
0.005324799999999961
0.005324799999999961
0
0
0
0.005324799999999968
0
0
0
0
0
0
0
0
0
0
0
0
0
0
0.005324799999999999
0
0
0.005324799999999998
0
0
0
0
0
0
0
0
0
0
0.005324799999999964
0
0
0
0
0
0
0
0
0.005324799999999999
0
0
0
0
0
0
0
0
0
0
0
0
0
0
0
0.00532479999999997
0
0
0
0
0
0
0
0
0
0
0
0
0
0
0.005324799999999994
0
0
0
0
0
0
0
0
0
0
0
0
0
0
0
0
0
0.005324799999999998
0
0
0
0
0
0
0
0
0
0
0
0
0
0
0.005324799999999997
0
0
0
0
0
0.005324799999999991
0
0.005324799999999992
0
0
0
0.005324799999999981
0
0
0
0
0
0
0
0
0
0
0
0
0
0
0.00532479999999995
0
0
0
0
0
0
0
0.005324799999999952
0
0
0
0
0
0.005324799999999992
0
0
0
0
0
0
0
0
0
0
0
0
0
0
0
0
0
0
0
0.005324799999999951
0.005324799999999951
0
0
0
0
0
0
0
0
0
0
0
0
0.005324799999999969
0
0
0
0
0
0
0
0
0
0
0
0
0
0
0
0
0
0
0
0
0
0
0
0
0
0
0
0
0
0
0
0
0
0
0
0
0
0
0
0
0
0
0
0
0
0
0
0
0
0
0
0
0
0
0
0
0
0
0
0
0
0
0
0
0
0
0
0
0
0
0
0
0
0
0
0
0
0
0
0.005324799999999955
0.005324799999999955
0.005324799999999955
0
0
0
0
0.00532479999999995
0
0
0
0.005324799999999963
0.005324799999999963
0
0
0
0
0
0.005324799999999994
0.005324799999999994
0.005324799999999965
0.005324799999999965
0
0
0
0
0
0
0
0
0
0
0
0
0
0.005324799999999998
0
0
0
0
0
0
0.005324799999999963
0.005324799999999963
0
0
0.005324799999999998
0.005324799999999998
0.005324799999999998
0
0
0
0
0
0
0
0
0
0
0
0
0
0
0
0
0
0.005324799999999974
0
0
0
0
0
0
0
0
0
0
0
0
0
0
0
0
0
0
0
0
0
0
0
0
0
0
0
0
0
0
0
0
0
0
0.005324799999999961
0
0.005324799999999974
0.01063253333333329
0.005324799999999957
0
0
0
0
0
0
0
0
0
0
0
0
0
0
0
0
0
0
0
0
0.005324799999999957
0.005324799999999957
0
0
0
0
0
0
0
0
0.01063253333333334
0.01063253333333334
0.00532479999999995
0.00532479999999995
0.005324799999999976
0.005324799999999985
0.005324799999999985
0
0
0
0
0
0
0
0
0
0
0
0
0
0
0
0
0
0
0.005324799999999997
0.005324799999999997
0.01592320000000005
0
0
0
0
0
0
0.00532479999999997
0
0
0
0
0
0
0
0
0
0
0.005324799999999987
0.005324799999999987
0
0
0
0
0
0
0
0
0
0
0
0
0
0
0
0
0
0
0.005324799999999981
0
0
0
0
0
0
0
0
0
0
0.005324799999999953
0.005324799999999953
0
0.00532479999999997
0
0
0
0
0
0
0
0
0
0
0
0
0
0
0
0.00532479999999995
0
0
0
0
0
0
0
0
0
0
0.005324799999999957
0.005324799999999957
0
0
0
0
0
0
0
0
0
0
0.005324799999999956
0
0.005324799999999992
0.005324799999999992
0
0
0
0
0
0
0
0
0.005324799999999959
0.005324799999999956
0
0
0
0
0
0.005324799999999962
0
0
0
0
0.005324799999999979
0.01063253333333349
0.005324799999999951
0.01063253333333338
0.01592320000000004
0.005324799999999983
0
0
0
0
0
0
0
0
0
0.005324799999999978
0.005324799999999978
0
0
0
0
0
0
0
0
0
0
0
0
0
0
0
0
0
0
0
0
0
0.005324799999999963
0
0
0
0
0
0
0
0
0.005324799999999979
0
0
0
0
0
0
0
0
0
0
0
0
0
0.01063253333333322
0.005324799999999963
0
0.01063253333333334
0.01063253333333334
0.01063253333333346
0.005324799999999999
0
0
0
0
0
0
0
0
0
0
0
0
0.00532479999999995
0
0
0
0
0
0
0
0
0
0
0
0.005324799999999966
0
0.005324799999999959
0.005324799999999959
0.005324799999999959
0.005324799999999959
0
0
0
0
0
0.005324799999999962
0
0
0
0.005324799999999962
0
0
0
0
0
0
0
0
0
0.005324799999999999
0
0
0.005324799999999998
0.005324799999999998
0.005324799999999997
0
0
0
0
0
0
0
0
0
0.005324799999999994
0.005324799999999994
0.005324799999999994
0
0
0.005324799999999991
0
0
0
0
0
0
0
0
0
0
0
0
0
0.005324799999999949
0
0
0
0
0
0
0
0
0
0
0
0
0
0.005324799999999961
0
0
0
0
0
0
0
0
0
0
0
0
0
0
0
0.005324799999999953
0
0.005324799999999974
0.005324799999999974
0
0.005324799999999992
0
0
0
0
0
0
0
0.005324799999999976
0.005324799999999976
0.005324799999999976
0.005324799999999976
0.005324799999999976
0
0.005324799999999978
0.005324799999999978
0.005324799999999978
0
0
0
0
0
0
0
0
0
0
0
0.005324799999999974
0
0
0
0
0
0
0
0
0
0
0
0
0
0
0.005324799999999975
0.005324799999999975
0.005324799999999975
0.005324799999999957
0
0
0
0
0
0.00532479999999996
0.00532479999999996
0.00532479999999996
0
0
0
0
0
0
0
0
0
0
0.005324799999999959
0.005324799999999959
0.005324799999999966
0.005324799999999966
0
0
0.005324799999999971
0
0
0
0
0
0
0
0
0
0
0
0
0
0.005324799999999975
0
0
0
0
0
0
0
0
0
0
0
0
0
0
0
0.005324799999999991
0
0
0
0.005324799999999976
0
0
0
0
0
0
0.00532479999999997
0
0
0
0
0
0
0
0
0
0
0
0
0.01063253333333335
0
0
0
0
0.005324799999999957
0.01063253333333339
0.005324799999999957
0
0.005324799999999999
0.005324799999999999
0.005324799999999999
0
0
0
0
0
0
0
0
0
0.005324799999999989
0.005324799999999989
0.005324799999999989
0.005324799999999989
0.005324799999999989
0.005324799999999989
0
0
0
0
0
0.005324799999999989
0
0
0.005324799999999985
0
0
0
0.005324799999999977
0
0
0
0
0
0
0
0
0
0
0.005324799999999983
0
0
0
0.005324799999999988
0
0
0
0
0
0
0
0
0
0
0
0
0
0
0
0
0
0
0
0
0
0.00532479999999999
0
0
0
0
0
0
0
0
0
0
0
0
0
0
0.005324799999999976
0
0
0
0
0.005324799999999996
0
0.005324799999999979
0.005324799999999971
0.005324799999999971
0
0
0
0
0
0
0
0
0
0
0
0
0
0.01063253333333331
0
0
0.005324799999999994
0
0
0
0
0
0
0
0
0
0
0
0
0.005324799999999992
0.005324799999999992
0
0
0
0.005324799999999957
0
0
0
0
0
0
0.005324799999999992
0
0
0
0.005324799999999952
0.005324799999999952
0.005324799999999993
0
0
0
0
0.005324799999999989
0
0
0
0
0
0
0.005324799999999969
0.005324799999999969
0
0
0
0
0
0
0
0
0
0
0
0
0
0
0
0
0
0
0
0
0
0
0
0
0
0
0
0
0
0
0
0
0
0
0
0
0
0
0.005324799999999963
0
0.005324799999999981
0
0
0
0
0.005324799999999986
0.005324799999999986
0.005324799999999986
0
0
0
0
0
0
0
0
0
0
0
0
0
0
0
0.005324799999999951
0.005324799999999951
0.005324799999999951
0
0
0
0
0
0
0
0
0
0
0
0
0
0
0
0
0
0
0
0
0
0
0
0
0
0
0
0
0
0
0
0
0
0
0
0
0
0
0
0
0
0
0
0
0
0
0
0
0
0
0
0
0
0
0
0
0
0
0
0
0
0
0
0
0
0
0
0
0
0
0
0
0
0
0
0
0
0
0
0
0
0
0
0
0
0
0
0
0
0
0
0
0
0
0
0
0
0
0
0
0
0
0
0
0
0
0
0
0
0
0
0
0
0
0
0
0
0
0
0
0
0.005324799999999952
0
0
0
0
0
0
0.005324799999999987
0.005324799999999987
0.005324799999999987
0
0
0
0
0
0
0.005324799999999985
0.005324799999999985
0
0.005324799999999962
0.005324799999999962
0
0
0
0
0
0
0
0
0
0
0
0
0
0
0
0
0
0
0
0
0
0
0
0
0
0
0
0
0
0
0
0
0
0
0.005324799999999951
0
0
0
0
0
0
0
0.00532479999999995
0.00532479999999995
0
0.005324799999999965
0
0
0
0
0
0
0
0
0
0.005324799999999998
0
0
0
0
0.00532479999999998
0
0
0
0
0
0
0
0
0
0
0
0
0
0
0
0.005324799999999961
0
0.005324799999999959
0
0
0
0
0
0.005324799999999972
0.005324799999999972
0
0
0.01063253333333338
0.005324799999999966
0
0
0
0
0.005324799999999957
0
0
0
0
0
0
0
0
0
0
0
0
0
0
0
0.005324799999999983
0
0
0
0
0
0
0.005324799999999954
0
0
0
0.005324799999999996
0.005324799999999996
0.005324799999999996
0.005324799999999996
0.005324799999999996
0
0
0
0
0
0
0
0
0
0.005324799999999984
0.01063253333333335
0.005324799999999984
0
0
0
0
0
0
0
0
0.01592320000000001
0.01063253333333336
0
0
0
0.005324799999999952
0
0
0
0
0
0
0
0
0.005324799999999999
0.005324799999999999
0
0
0
0.005324799999999973
0.005324799999999973
0
0
0.005324799999999957
0.005324799999999977
0
0
0
0
0
0
0
0
0
0
0
0
0
0
0
0
0
0
0
0
0
0
0
0
0
0
0.005324799999999959
0
0
0
0
0
0
0
0.005324799999999954
0.005324799999999954
0.005324799999999954
0.005324799999999954
0
0
0
0
0
0
0
0
0
0
0
0
0
0
0
0.005324799999999973
0
0
0
0
0
0
0
0
0
0
0
0
0
0
0
0
0
0
0
0
0
0
0
0
0
0
0
0
0
0
0
0
0
0
0
0
0
0
0.00532479999999995
0
0
0
0
0
0
0
0
0
0.005324799999999975
0.005324799999999975
0
0.00532479999999996
0
0
0
0
0
0.005324799999999952
0
0
0
0
0
0
0
0
0
0
0
0
0
0
0
0
0
0
0
0.005324799999999979
0.005324799999999979
0
0
0
0
0
0
0
0
0
0
0
0
0
0
0
0
0
0
0
0
0
0
0
0
0
0
0
0
0
0
0
0
0
0
0
0
0
0
0
0
0
0
0
0
0
0
0
0
0.01063253333333324
0
0
0
0
0
0
0
0
0
0
0
0
0
0
0.005324799999999957
0
0
0
0
0
0
0
0
0
0
0
0
0
0
0
0
0
0
0.005324799999999958
0
0
0
0
0
0
0
0
0
0
0
0.0106325333333332
0
0
0.005324799999999992
0
0
0
0
0
0
0
0
0.00532479999999997
0
0
0
0
0
0
0
0
0
0
0
0
0
0
0
0
0
0
0
0.005324799999999959
0
0
0
0
0
0
0
0
0
0
0
0
0
0
0
0
0
0
0.005324799999999951
0.005324799999999951
0.005324799999999998
0.005324799999999998
0
0
0.01063253333333331
0.005324799999999992
0.005324799999999999
0
0
0
0.005324799999999998
0
0
0
0
0.005324799999999998
0.005324799999999998
0
0
0
0
0.005324799999999983
0.005324799999999983
0.005324799999999983
0.005324799999999983
0
0
0.005324799999999976
0
0
0
0
0
0
0
0
0
0.005324799999999979
0
0
0
0.005324799999999974
0.005324799999999974
0
0
0
0.005324799999999974
0
0
0
0
0
0
0
0
0
0
0
0
0
0.005324799999999965
0
0
0.005324799999999996
0
0
0
0
0
0
0
0
0
0
0
0
0
0
0
0.00532479999999999
0
0
0
0
0
0
0
0
0.005324799999999972
0
0.00532479999999995
0.005324799999999987
0
0
0
0
0
0
0
0
0
0
0
0.005324799999999952
0
0
0
0
0
0.005324799999999982
0
0
0.005324799999999952
0
0
0
0
0
0
0
0
0
0
0
0
0
0
0
0
0
0
0
0
0
0
0
0
0
0
0
0
0
0
0
0
0
0
0
0
0
0
0
0
0
0
0
0
0.005324799999999983
0.005324799999999983
0
0
0
0
0
0
0
0
0
0.01063253333333337
0.005324799999999986
0
0
0
0.00532479999999997
0
0
0
0.00532479999999997
0
0
0
0
0.005324799999999982
0.005324799999999964
0.005324799999999964
0.005324799999999964
0
0
0.005324799999999999
0
0
0
0
0
0
0
0
0
0
0
0.005324799999999981
0.005324799999999981
0.005324799999999981
0.005324799999999981
0.005324799999999981
0.0106325333333333
0.005324799999999981
0
0
0
0
0
0
0
0
0.005324799999999972
0.005324799999999972
0.005324799999999979
0
0
0
0
0
0
0
0
0
0
0
0
0.01063253333333332
0
0
0
0
0.005324799999999994
0
0
0
0
0
0.005324799999999979
0
0
0.005324799999999982
0
0
0
0
0
0
0
0
0
0
0.005324799999999967
0.005324799999999967
0.005324799999999967
0.005324799999999967
0
0
0
0
0
0
0
0
0
0
0.005324799999999952
0
0
0.005324799999999957
0.005324799999999957
0.005324799999999957
0.005324799999999957
0.005324799999999952
0
0
0
0
0
0
0
0
0
0
0
0
0
0
0
0
0
0
0
0
0
0
0
0.005324799999999983
0.005324799999999983
0.005324799999999983
0
0
0
0
0
0
0
0
0
0
0
0.005324799999999991
0
0
0
0
0
0
0
0
0
0
0
0
0
0
0
0
0
0
0
0
0
0
0
0.005324799999999996
0.005324799999999996
0.005324799999999996
0
0
0
0
0
0
0
0
0
0
0
0
0
0
0
0
0
0
0
0
0.005324799999999985
0
0
0
0
0
0
0
0
0
0.00532479999999995
0.00532479999999995
0
0
0
0
0
0
0
0
0
0
0
0
0
0
0
0
0
0
0
0
0
0
0
0
0
0
0.01063253333333336
0.00532479999999995
0
0
0
0
0
0
0
0
0
0
0
0.005324799999999976
0
0
0
0
0
0
0
0
0
0
0
0
0
0
0
0
0
0
0
0
0
0
0
0
0
0
0
0
0
0
0
0
0
0
0
0
0
0
0
0
0
0
0
0
0
0
0
0
0
0
0
0
0
0
0
0
0
0.005324799999999965
0
0
0
0
0
0
0
0
0
0
0
0
0
0
0
0
0
0
0
0
0
0
0
0
0
0
0
0
0
0
0
0
0
0
0
0
0
0
0.005324799999999959
0
0
0
0
0
0
0
0
0
0
0
0
0
0
0
0
0
0
0
0
0
0
0
0
0
0
0
0.01063253333333336
0.005324799999999952
0
0
0
0
0
0.005324799999999969
0.005324799999999969
0
0
0
0
0
0
0
0
0
0
0
0.005324799999999992
0.005324799999999992
0
0
0
0.005324799999999961
0
0
0
0
0
0
0
0
0
0
0
0
0
0
0
0
0
0
0
0
0
0.005324799999999996
0.005324799999999996
0
0
0
0
0.00532479999999996
0
0
0
0
0
0
0
0
0.00532479999999997
0
0
0
0
0
0
0
0
0
0
0
0.01063253333333339
0.00532479999999996
0.00532479999999996
0.00532479999999996
0
0
0
0
0
0
0
0
0
0
0
0
0
0.005324799999999971
0
0
0
0
0.005324799999999996
0
0
0
0
0
0
0
0
0
0
0
0
0
0
0
0
0
0
0
0
0
0
0
0
0
0
0.005324799999999952
0.005324799999999986
0
0
0
0
0
0
0
0
0
0
0
0
0
0
0
0
0
0
0
0
0
0
0
0
0
0
0
0
0
0
0
0
0
0
0
0
0
0
0
0
0
0
0
0
0
0
0
0
0
0
0
0
0
0
0
0
0
0
0
0
0
0
0
0
0.005324799999999992
0.01063253333333341
0.005324799999999992
0.005324799999999992
0
0
0
0
0
0
0
0
0
0
0
0
0
0
0
0
0
0
0
0
0.005324799999999983
0.005324799999999983
0
0
0
0
0.005324799999999989
0.005324799999999989
0
0
0
0
0
0
0
0
0
0
0
0
0
0
0
0.005324799999999951
0
0
0
0.005324799999999994
0
0
0
0
0
0
0
0
0
0
0
0
0.005324799999999967
0.005324799999999967
0
0.005324799999999963
0
0
0
0
0
0
0
0
0
0
0
0
0
0
0
0
0.005324799999999963
0
0
0
0
0
0
0
0
0
0
0
0
0
0
0
0
0
0
0.00532479999999999
0.00532479999999999
0
0.005324799999999965
0.005324799999999965
0.005324799999999965
0
0
0
0
0
0
0
0
0
0
0
0.01063253333333314
0.00532479999999995
0
0
0
0.005324799999999988
0
0
0
0
0
0
0
0
0
0
0
0
0
0
0
0
0
0
0
0
0
0
0
0
0
0
0
0
0
0
0
0
0
0.00532479999999997
0
0
0
0
0
0
0
0
0
0
0
0
0.005324799999999969
0.005324799999999969
0.005324799999999992
0
0
0
0
0.005324799999999981
0.005324799999999981
0
0
0
0
0
0
0
0.0106325333333332
0
0
0
0
0
0
0
0
0
0.005324799999999952
0.005324799999999952
0
0
0
0
0
0
0
0
0
0
0
0
0.005324799999999961
0
0
0
0
0
0
0
0
0
0
0
0
0
0
0
0
0
0
0
0.005324799999999972
0
0
0
0
0
0
0.005324799999999997
0.005324799999999997
0
0
0
0
0
0
0
0
0
0
0
0
0.005324799999999979
0
0
0
0
0
0
0
0.005324799999999987
0.005324799999999987
0
0
0
0
0
0
0
0
0
0
0
0
0
0
0
0
0
0
0.005324799999999993
0
0
0
0
0
0
0
0
0
0
0
0
0
0
0
0
0
0
0
0
0
0
0
0.005324799999999997
0.005324799999999997
0
0
0
0
0
0
0
0
0
0
0
0
0
0
0
0
0
0
0
0
0
0
0
0
0
0
0
0
0
0
0
0
0
0
0
0.005324799999999979
0.005324799999999979
0.005324799999999984
0
0
0.005324799999999956
0
0
0
0
0
0
0
0
0.005324799999999953
0
0
0
0
0
0
0
0
0
0
0
0
0
0
0
0
0
0
0
0
0
0
0
0
0
0
0
0
0
0
0
0
0
0
0
0
0
0
0
0
0
0
0
0
0
0.005324799999999983
0
0
0
0
0
0
0
0
0
0
0
0
0.005324799999999983
0
0
0
0
0
0
0
0
0
0
0.005324799999999983
0
0
0
0
0
0
0
0
0.005324799999999986
0.005324799999999986
0
0
0
0
0
0
0
0
0
0
0
0.005324799999999992
0.01063253333333339
0.005324799999999992
0
0.005324799999999957
0
0.005324799999999975
0.005324799999999975
0.005324799999999975
0
0
0
0
0
0.005324799999999958
0
0
0
0
0
0
0
0
0
0
0
0
0
0
0.005324799999999949
0.005324799999999949
0.005324799999999979
0.005324799999999979
0.005324799999999957
0.005324799999999989
0
0
0
0
0.005324799999999972
0.005324799999999972
0
0
0
0
0
0
0
0
0
0
0
0
0
0
0
0
0
0
0
0
0
0
0
0
0
0
0
0
0
0
0
0
0
0
0
0
0.00532479999999995
0.00532479999999995
0
0
0
0
0
0
0
0
0
0
0
0.005324799999999999
0
0
0
0
0
0
0
0
0
0
0.005324799999999967
0
0
0.005324799999999965
0.005324799999999965
0.005324799999999965
0.005324799999999965
0
0
0
0
0
0
0
0
0
0
0
0
0
0
0
0
0
0
0.005324799999999973
0.005324799999999973
0.005324799999999973
0.005324799999999973
0.005324799999999983
0
0
0
0
0
0.005324799999999988
0.005324799999999988
0
0
0
0
0
0
0
0
0
0
0.005324799999999964
0.005324799999999961
0.005324799999999961
0.005324799999999961
0.005324799999999961
0.005324799999999961
0
0
0
0
0.005324799999999996
0
0
0
0.005324799999999959
0
0
0
0
0.005324799999999951
0.005324799999999951
0.005324799999999951
0
0.005324799999999968
0.005324799999999968
0
0
0
0
0.01063253333333329
0.005324799999999983
0.005324799999999983
0
0
0
0
0
0.005324799999999967
0.005324799999999967
0.005324799999999967
0.01063253333333325
0.005324799999999967
0
0.005324799999999976
0.005324799999999976
0
0
0
0
0
0.005324799999999987
0
0
0
0
0
0
0
0
0.00532479999999995
0.00532479999999995
0
0
0
0
0
0
0.005324799999999979
0
0
0.01063253333333346
0.005324799999999979
0.005324799999999979
0.005324799999999979
0
0
0
0
0
0
0
0
0
0
0
0
0
0
0
0.005324799999999986
0.005324799999999986
0
0
0.005324799999999959
0.005324799999999982
0
0
0.005324799999999983
0.01063253333333328
0.005324799999999983
0
0
0
0
0
0
0
0
0
0
0.005324799999999978
0
0
0
0
0
0
0
0
0
0
0.005324799999999984
0.005324799999999984
0.005324799999999984
0
0
0
0
0
0
0.005324799999999951
0
0
0
0
0
0
0
0
0
0
0
0
0
0
0
0
0
0
0
0
0
0.005324799999999958
0
0
0
0
0
0
0
0
0
0
0
0
0
0
0
0.005324799999999959
0.005324799999999959
0
0
0
0
0
0
0
0
0.005324799999999989
0.005324799999999989
0
0.005324799999999973
0.005324799999999973
0
0
0
0
0
0
0
0
0
0
0
0
0
0
0
0
0
0
0.005324799999999983
0
0
0
0
0
0
0.005324799999999992
0
0
0.005324799999999967
0
0.00532479999999998
0
0
0
0
0
0
0
0
0
0
0
0
0
0
0
0
0
0
0
0
0
0
0
0
0.005324799999999968
0
0
0
0
0
0
0
0
0
0
0
0
0
0
0
0
0
0
0
0
0
0
0.005324799999999972
0.005324799999999972
0
0
0
0.00532479999999997
0.00532479999999997
0
0
0
0.005324799999999957
0
0
0
0
0
0
0
0
0
0
0
0
0
0
0
0
0
0.005324799999999952
0
0
0
0
0
0
0
0
0
0
0.005324799999999983
0.01063253333333337
0
0
0
0
0.005324799999999976
0.005324799999999979
0.005324799999999979
0
0
0
0
0
0
0
0
0
0
0
0
0
0
0
0
0
0
0
0.005324799999999957
0.01063253333333323
0.01063253333333323
0.005324799999999966
0
0
0
0
0
0
0
0
0.005324799999999964
0
0
0
0
0
0
0
0
0
0
0
0.005324799999999979
0
0
0
0.005324799999999961
0
0
0
0
0.005324799999999992
0
0
0
0
0
0
0
0
0
0
0
0
0
0
0
0
0
0
0
0
0
0
0
0
0
0
0
0
0
0
0
0
0
0
0
0
0
0
0
0
0
0
0.005324799999999998
0
0
0
0
0.005324799999999976
0
0
0
0
0
0
0
0
0.005324799999999981
0
0
0
0
0
0
0
0
0
0
0.005324799999999986
0
0
0
0
0.005324799999999997
0
0
0
0
0
0
0
0
0
0
0
0
0
0
0
0
0
0
0
0
0
0
0
0
0
0
0
0.005324799999999965
0
0
0
0
0
0
0
0
0
0
0
0
0
0.005324799999999991
0
0
0
0
0
0
0
0
0
0
0
0
0
0
0
0
0
0
0
0
0
0
0
0
0
0
0
0
0
0
0
0
0
0.005324799999999989
0
0
0
0
0
0
0
0
0.005324799999999955
0
0.005324799999999963
0.005324799999999963
0
0
0
0
0
0
0
0
0.00532479999999995
0
0
0
0
0
0
0
0
0
0
0
0
0
0
0
0
0
0.005324799999999998
0
0
0
0
0
0
0
0
0
0
0
0.005324799999999984
0
0
0
0
0
0
0
0
0
0
0
0
0
0
0
0
0
0
0
0
0
0
0
0
0
0
0
0
0
0
0
0
0
0
0
0.005324799999999959
0.005324799999999959
0
0
0
0
0
0
0
0
0
0
0
0
0
0
0
0
0
0
0
0
0
0
0
0
0
0
0
0
0
0
0
0
0
0
0
0
0.005324799999999952
0
0.005324799999999966
0
0
0
0
0
0
0
0
0
0
0
0
0
0
0
0
0
0
0
0
0.005324799999999976
0
0
0
0
0
0
0
0.005324799999999957
0.005324799999999957
0
0
0
0
0
0
0
0
0
0
0
0
0.005324799999999983
0
0
0
0
0
0
0
0
0
0
0
0
0.005324799999999993
0
0
0
0
0
0
0
0
0
0.005324799999999965
0
0
0
0
0.005324799999999959
0
0
0
0
0
0
0
0.005324799999999976
0.005324799999999976
0
0
0
0
0
0
0
0
0
0
0
0
0
0
0
0
0
0.005324799999999992
0.005324799999999992
0
0
0.005324799999999984
0
0
0.005324799999999972
0
0
0
0
0
0
0
0.005324799999999957
0
0
0
0
0
0
0
0
0
0
0
0
0
0.005324799999999981
0.005324799999999981
0.005324799999999992
0.005324799999999992
0.005324799999999992
0.005324799999999992
0.005324799999999992
0
0
0
0
0
0
0
0
0
0
0
0
0
0
0
0
0
0
0
0
0
0
0
0
0
0
0
0
0
0.005324799999999979
0.0106325333333333
0
0
0
0.005324799999999953
0.005324799999999953
0.005324799999999953
0
0
0.01592319999999989
0
0
0
0
0
0
0.005324799999999992
0
0
0
0
0.005324799999999972
0
0
0
0
0
0
0
0
0
0
0
0
0
0
0
0
0
0
0
0
0
0
0
0
0
0
0
0
0
0
0
0
0
0
0
0
0
0.005324799999999979
0.005324799999999979
0.005324799999999979
0
0
0
0
0
0
0
0
0
0
0
0
0
0
0
0.01063253333333336
0.005324799999999988
0
0
0
0
0
0
0.005324799999999957
0.005324799999999957
0
0
0
0
0
0
0
0
0
0.005324799999999961
0
0
0
0
0
0
0
0
0
0
0
0
0
0
0
0
0
0
0
0
0
0
0
0
0.00532479999999997
0
0
0
0
0
0
0
0
0
0
0
0.005324799999999957
0.005324799999999957
0
0
0
0
0
0
0.005324799999999976
0.005324799999999976
0
0
0
0
0
0
0.005324799999999963
0
0
0.01063253333333318
0
0
0
0
0
0.005324799999999985
0
0
0.005324799999999999
0
0
0.005324799999999974
0
0
0
0
0
0
0
0
0
0
0
0
0
0
0
0
0
0
0
0
0
0
0
0
0.005324799999999993
0.01063253333333335
0
0
0
0
0
0.005324799999999976
0.005324799999999976
0
0
0
0
0
0
0
0.005324799999999989
0
0
0
0
0
0
0.005324799999999966
0
0
0
0
0
0
0
0
0
0
0
0
0
0
0.005324799999999996
0.005324799999999996
0
0
0
0
0
0
0
0.005324799999999955
0
0
0.005324799999999992
0.005324799999999996
0
0.005324799999999975
0
0
0.005324799999999986
0.005324799999999986
0.005324799999999986
0
0
0.005324799999999979
0.005324799999999963
0
0
0
0.005324799999999983
0.005324799999999983
0.01063253333333329
0.005324799999999975
0
0
0
0
0
0
0
0
0
0
0
0
0
0
0
0
0
0
0
0
0
0
0
0
0
0
0
0
0
0
0
0
0
0
0
0
0
0
0
0
0
0
0.005324799999999984
0
0
0
0
0
0
0
0
0
0
0
0
0
0
0
0
0
0
0
0
0
0
0
0
0
0.005324799999999954
0.005324799999999959
0.005324799999999959
0.005324799999999959
0
0
0.005324799999999965
0
0
0
0
0
0
0
0.005324799999999955
0.005324799999999955
0
0
0
0
0
0.005324799999999959
0
0.005324799999999965
0
0
0
0
0
0
0
0
0.005324799999999996
0.005324799999999996
0
0
0
0.005324799999999979
0
0
0
0
0
0
0
0
0.005324799999999997
0.005324799999999997
0
0
0
0
0
0
0
0.005324799999999996
0.005324799999999996
0
0
0
0
0
0.005324799999999956
0.005324799999999956
0
0
0
0
0
0
0
0.005324799999999972
0.005324799999999972
0.005324799999999972
0
0
0.005324799999999959
0
0
0
0
0
0
0
0
0.005324799999999959
0
0
0
0
0
0.005324799999999983
0.005324799999999983
0
0
0.005324799999999963
0
0
0
0
0
0
0
0
0
0
0
0
0
0
0
0
0
0
0
0
0
0
0
0
0
0
0
0
0
0
0
0.005324799999999992
0
0
0
0
0
0
0
0
0
0
0
0
0
0
0
0.005324799999999962
0
0
0
0
0
0
0
0
0.00532479999999997
0
0.005324799999999976
0
0
0
0
0
0
0
0
0.005324799999999969
0.01063253333333334
0
0
0
0.005324799999999966
0.01063253333333337
0.005324799999999967
0
0
0
0.005324799999999954
0.005324799999999954
0.01063253333333333
0
0
0.005324799999999989
0
0.005324799999999983
0.005324799999999983
0.005324799999999988
0
0
0
0
0
0
0.005324799999999973
0
0.02119680000000004
0.01592319999999993
0.01592319999999999
0.02119680000000014
0.02645333333333346
0.01063253333333338
0.00532479999999997
0
0
0
0
0
0
0.005324799999999999
0
0.005324799999999956
0.0106325333333333
0.01063253333333331
0.01592319999999982
0.01063253333333326
0.01063253333333333
0.005324799999999952
0
0.005324799999999992
0.01063253333333332
0.0106325333333334
0
0.005324799999999996
0.005324799999999979
0
0
0.00532479999999997
0.01063253333333337
0.005324799999999987
0.005324799999999979
0.005324799999999979
0
0
0.005324799999999993
0.01063253333333333
0
0
0
0.005324799999999983
0
0
0
0.005324799999999951
0.005324799999999951
0.00532479999999995
0
0
0.01063253333333326
0.00532479999999997
0.005324799999999959
0.005324799999999959
0.01063253333333319
0.005324799999999977
0
0
0
0
0
0
0.005324799999999961
0.005324799999999957
0
0.01592319999999993
0.01063253333333324
0.005324799999999975
0.02119680000000018
0
0.01063253333333326
0
0
0
0
0.005324799999999981
0.005324799999999981
0
0.005324799999999952
0.005324799999999979
0.005324799999999965
0.01063253333333342
0.005324799999999983
0.0211968000000002
0.0106325333333333
0
0.005324799999999969
0
0
0.005324799999999977
0.01063253333333329
0.02119680000000026
0.01063253333333333
0
0.005324799999999978
0.005324799999999978
0
0
0.005324799999999963
0.01592319999999995
0.01592319999999995
0.01592319999999996
0.00532479999999999
0.01063253333333342
0.00532479999999999
0
0
0
0.005324799999999988
0.005324799999999979
0
0
0
0
0.01063253333333327
0.01063253333333329
0.01063253333333329
0.005324799999999974
0
0
0
0
0.01592319999999998
0.0106325333333333
0.01063253333333331
0.01592319999999993
0
0
0.01063253333333324
0.01063253333333324
0
0
0
0.005324799999999986
0.01063253333333339
0.01063253333333329
0.01063253333333335
0.01063253333333333
0.005324799999999996
0
0.01063253333333318
0.00532479999999995
0
0.01063253333333349
0.01063253333333334
0
0
0
0.01063253333333333
0.01063253333333328
0.00532479999999995
0.01063253333333315
0
0.005324799999999999
0.005324799999999956
0
0.01063253333333334
0
0
0.005324799999999951
0.01063253333333336
0
0
0.005324799999999952
0
0
0.01063253333333337
0.01063253333333332
0.01063253333333332
0.005324799999999969
0
0.005324799999999957
0
0
0
0.005324799999999967
0
0
0.005324799999999964
0.005324799999999964
0.0106325333333332
0
0
0
0.005324799999999961
0.005324799999999951
0
0
0.005324799999999957
0.005324799999999952
0.005324799999999952
0.005324799999999952
0
0
0
0
0.005324799999999952
0
0.005324799999999998
0.005324799999999998
0
0
0.005324799999999991
0.02119680000000048
0.0211968000000001
0.01592320000000009
0.01063253333333317
0
0
0
0.01063253333333344
0
0.005324799999999952
0
0.01063253333333331
0
0
0.01063253333333335
0.005324799999999979
0
0
0.005324799999999992
0.01063253333333331
0.01592319999999995
0.01063253333333331
0.01063253333333345
0.01063253333333348
0
0.005324799999999954
0
0.005324799999999985
0.01063253333333329
0.01592319999999987
0.01592319999999987
0
0
0
0.005324799999999969
0
0
0
0
0.005324799999999957
0.005324799999999957
0.005324799999999991
0.01063253333333332
0
0
0.01063253333333331
0.01063253333333329
0.005324799999999996
0
0.005324799999999969
0
0.005324799999999996
0
0.005324799999999985
0.005324799999999969
0.005324799999999996
0.02119680000000005
0.005324799999999986
0.01063253333333335
0.01063253333333321
0
0
0
0
0
0.005324799999999979
0
0.005324799999999971
0
0
0
0.005324799999999992
0
0.00532479999999995
0
0
0
0
0.005324799999999992
0.005324799999999985
0.01063253333333335
0
0
0.005324799999999986
0.01063253333333337
0.005324799999999998
0
0
0
0
0
0
0.01063253333333323
0.005324799999999961
0
0
0
0.00532479999999997
0
0
0
0
0
0.005324799999999982
0.005324799999999979
0.005324799999999979
0.005324799999999952
0.005324799999999952
0
0
0
0
0
0.005324799999999953
0.01063253333333335
0
0
0
0
0
0
0
0.02119680000000041
0
0
0
0
0
0.005324799999999974
0.01063253333333323
0.01592319999999985
0.0106325333333333
0
0
0
0
0
0
0
0.005324799999999999
0
0
0
0.01063253333333341
0.01592320000000003
0
0
0
0.005324799999999998
0
0.005324799999999957
0.005324799999999957
0
0.005324799999999988
0.0106325333333333
0.0106325333333334
0.005324799999999969
0
0
0
0.01592319999999984
0.005324799999999983
0.005324799999999983
0.005324799999999986
0
0
0
0
0.005324799999999986
0.005324799999999986
0.005324799999999986
0.005324799999999986
0.01063253333333335
0.01063253333333319
0.005324799999999973
0.005324799999999973
0.005324799999999963
0
0
0.00532479999999997
0
0.005324799999999974
0.005324799999999989
0
0
0
0.005324799999999963
0.005324799999999966
0.005324799999999966
0.01063253333333325
0.01063253333333315
0
0.005324799999999952
0.01063253333333343
0.01592319999999999
0
0
0.005324799999999952
0.01063253333333344
0.01063253333333331
0.01592319999999996
0.01063253333333334
0
0
0
0.005324799999999957
0.005324799999999953
0
0
0
0.005324799999999961
0.005324799999999961
0.01592319999999972
0.005324799999999961
0.005324799999999996
0.005324799999999989
0.00532479999999997
0
0
0.005324799999999987
0.005324799999999992
0.0106325333333333
0
0.005324799999999967
0
0
0
0.005324799999999966
0.01063253333333324
0.005324799999999966
0.005324799999999992
0
0
0
0.01063253333333335
0
0
0.005324799999999963
0
0
0
0
0.005324799999999989
0
0
0.005324799999999953
0
0
0.01063253333333327
0.005324799999999959
0
0
0
0
0
0.005324799999999965
0.005324799999999965
0
0.0106325333333333
0
0
0.005324799999999985
0.005324799999999985
0.005324799999999985
0.005324799999999953
0.02119679999999997
0.01063253333333331
0.005324799999999976
0
0
0
0
0.01592320000000003
0.01592320000000003
0.02645333333333345
0.01063253333333341
0.01063253333333341
0.01063253333333341
0.01592319999999997
0.01063253333333334
0.01063253333333334
0
0.005324799999999983
0
0
0
0
0.01063253333333329
0
0
0
0.005324799999999957
0.00532479999999998
0
0
0
0.005324799999999959
0.005324799999999979
0.005324799999999959
0.01063253333333334
0.005324799999999963
0
0
0
0
0.005324799999999999
0.01063253333333342
0.01063253333333341
0.01063253333333346
0
0.005324799999999953
0.01063253333333323
0.01063253333333327
0
0
0.01063253333333328
0
0
0
0
0
0
0.005324799999999974
0.005324799999999975
0.005324799999999971
0.005324799999999961
0.005324799999999961
0
0
0
0.005324799999999999
0.005324799999999999
0.01592320000000005
0.005324799999999965
0.005324799999999965
0
0
0.00532479999999998
0.005324799999999979
0
0.005324799999999957
0
0.01063253333333325
0.01063253333333323
0.01063253333333343
0.005324799999999996
0.01063253333333337
0.005324799999999976
0.005324799999999972
0.00532479999999999
0.00532479999999995
0
0
0.02119680000000024
0.01063253333333327
0.005324799999999951
0.01063253333333341
0
0.005324799999999968
0.005324799999999968
0.02119680000000057
0.005324799999999956
0
0
0
0.01063253333333332
0
0
0
0
0.01063253333333333
0.02119680000000012
0.02645333333333342
0.005324799999999986
0.00532479999999998
0
0
0
0
0.005324799999999968
0.005324799999999972
0
0
0.005324799999999977
0
0.01063253333333329
0.01592319999999979
0.005324799999999955
0
0.005324799999999983
0.005324799999999983
0
0
0.005324799999999983
0.01063253333333333
0.0106325333333334
0.01592320000000003
0
0
0
0.01063253333333337
0.00532479999999997
0.01592320000000004
0.005324799999999956
0.005324799999999956
0
0
0
0.005324799999999998
0.01592320000000006
0.02119680000000013
0.01063253333333331
0.01063253333333331
0.01592319999999996
0.005324799999999954
0
0
0.005324799999999971
0.0159232000000001
0.01592320000000009
0.01063253333333329
0
0.005324799999999997
0.01063253333333315
0.005324799999999976
0
0.005324799999999965
0
0.01063253333333328
0.01063253333333328
0.01592319999999984
0
0
0.005324799999999963
0
0
0
0
0.01063253333333322
0.005324799999999958
0.01063253333333335
0
0
0
0
0
0
0
0
0
0
0.005324799999999971
0.005324799999999971
0
0
0
0
0.005324799999999987
0
0
0.01063253333333336
0
0
0.005324799999999998
0.005324799999999998
0
0
0.005324799999999979
0.0106325333333333
0.00532479999999998
0
0
0
0
0.005324799999999998
0
0
0.005324799999999979
0
0
0.0106325333333333
0.01063253333333331
0.00532479999999997
0.005324799999999956
0.005324799999999965
0.01063253333333344
0.01063253333333344
0.01063253333333344
0.01063253333333334
0
0.005324799999999952
0.01063253333333319
0.005324799999999952
0
0.005324799999999977
0.005324799999999975
0.01063253333333326
0.005324799999999975
0.005324799999999975
0.005324799999999956
0
0
0
0.01063253333333327
0.005324799999999952
0
0
0.005324799999999968
0
0
0
0
0
0
0.005324799999999967
0
0
0
0
0
0.005324799999999966
0.005324799999999953
0
0
0
0
0.005324799999999984
0.02119680000000029
0
0
0
0
0.01063253333333316
0.01063253333333322
0.01063253333333321
0.01063253333333325
0.005324799999999952
0.005324799999999952
0.005324799999999991
0
0
0.005324799999999983
0.005324799999999983
0.01592319999999981
0
0.005324799999999953
0.005324799999999992
0.005324799999999992
0.005324799999999992
0
0
0
0
0
0
0
0.005324799999999968
0.005324799999999968
0
0
0.005324799999999987
0.005324799999999954
0.005324799999999965
0.005324799999999965
0
0
0
0.005324799999999992
0
0
0
0
0.00532479999999998
0.005324799999999985
0.005324799999999966
0.005324799999999976
0
0.005324799999999952
0
0
0
0.005324799999999987
0
0
0.0264533333333335
0.02645333333333347
0.02119680000000053
0.005324799999999959
0.005324799999999959
0
0
0
0.005324799999999963
0
0
0
0
0
0
0.005324799999999952
0.005324799999999957
0.005324799999999957
0.01592320000000013
0.01063253333333343
0
0
0
0
0.00532479999999995
0.00532479999999995
0
0
0.00532479999999995
0.00532479999999995
0
0.01063253333333343
0.005324799999999957
0.005324799999999963
0
0
0
0.00532479999999997
0
0
0.01063253333333333
0.0106325333333333
0.005324799999999987
0.005324799999999955
0.005324799999999992
0.005324799999999972
0.01063253333333331
0.005324799999999984
0.01592319999999987
0.0211968000000002
0.01592320000000006
0.0106325333333333
0.01592319999999999
0
0
0
0
0
0
0
0
0
0
0.005324799999999968
0
0
0
0
0.00532479999999996
0.01063253333333337
0.01063253333333318
0.005324799999999961
0
0
0.005324799999999986
0.01063253333333328
0.00532479999999997
0.01063253333333343
0.005324799999999952
0
0
0.01063253333333339
0.01592320000000006
0.005324799999999961
0.01063253333333337
0.01063253333333337
0.01592320000000002
0.01592320000000002
0.01592320000000016
0
0
0.01592319999999996
0.005324799999999989
0.01063253333333334
0
0
0
0.005324799999999965
0.02119680000000009
0.01063253333333342
0
0.01063253333333338
0.005324799999999975
0.005324799999999957
0
0
0
0.005324799999999958
0.005324799999999998
0
0.005324799999999959
0
0
0
0
0
0.01063253333333327
0.01063253333333337
0
0.005324799999999957
0
0.005324799999999983
0
0.01063253333333325
0.005324799999999974
0
0
0.005324799999999965
0.005324799999999976
0.01063253333333322
0.005324799999999953
0
0.005324799999999992
0.005324799999999952
0
0
0.005324799999999969
0.005324799999999969
0.01592319999999986
0.005324799999999985
0.01063253333333344
0
0.005324799999999992
0.005324799999999992
0.01063253333333343
0.005324799999999953
0.01063253333333324
0.005324799999999959
0
0
0
0
0
0
0.005324799999999992
0.005324799999999978
0.005324799999999978
0.005324799999999978
0
0
0
0.005324799999999983
0
0
0
0.005324799999999978
0.0106325333333333
0.005324799999999962
0.0106325333333333
0.0159231999999999
0.00532479999999996
0.00532479999999996
0.00532479999999996
0.01592320000000017
0.01592320000000018
0.01063253333333345
0.01063253333333345
0.005324799999999995
0.005324799999999993
0.005324799999999993
0.01063253333333331
0
0
0
0.005324799999999983
0.01063253333333333
0.005324799999999983
0
0.01592320000000001
0.01063253333333324
0
0
0.005324799999999986
0
0
0
0
0
0
0
0
0
0.005324799999999964
0
0
0.01592320000000008
0.01592320000000013
0.02645333333333343
0.03169279999999973
0.02119680000000035
0
0
0.01063253333333318
0.005324799999999959
0.005324799999999961
0.01063253333333328
0.01063253333333315
0.01063253333333315
0.01063253333333315
0.01063253333333323
0.005324799999999956
0.01063253333333316
0.01063253333333324
0.005324799999999965
0.005324799999999965
0.01592319999999968
0.005324799999999955
0.01063253333333334
0
0
0
0.005324799999999986
0.005324799999999972
0
0
0
0
0
0
0.005324799999999993
0.005324799999999993
0.01063253333333339
0.005324799999999993
0.02119680000000009
0.02119680000000006
0.01063253333333345
0.005324799999999993
0
0.005324799999999966
0.005324799999999966
0
0.01063253333333334
0.01592319999999997
0.005324799999999984
0.005324799999999995
0
0
0
0
0.005324799999999996
0.005324799999999996
0.01063253333333334
0.005324799999999981
0.01063253333333339
0.01063253333333332
0.005324799999999964
0.005324799999999966
0.01592319999999998
0
0.005324799999999964
0.01063253333333321
0.01063253333333319
0.005324799999999984
0
0
0.00532479999999995
0.01592319999999977
0.01063253333333336
0.005324799999999989
0.005324799999999989
0.005324799999999983
0.01063253333333336
0.005324799999999994
0
0.005324799999999972
0
0.01063253333333322
0.005324799999999961
0.005324799999999961
0.01592320000000003
0.01592320000000006
0.01063253333333325
0.01063253333333325
0
0.01063253333333332
0.005324799999999986
0.005324799999999986
0.0106325333333334
0.0106325333333334
0.005324799999999952
0
0.01063253333333347
0.005324799999999999
0.01063253333333336
0
0
0
0
0
0.005324799999999987
0
0
0.005324799999999954
0
0
0.005324799999999957
0
0.00532479999999996
0.00532479999999996
0.00532479999999996
0.005324799999999978
0
0.005324799999999963
0
0
0.005324799999999962
0.005324799999999962
0.01063253333333344
0
0
0
0
0
0.005324799999999985
0.005324799999999985
0.01063253333333335
0.0106325333333333
0.01063253333333331
0.0106325333333333
0.01063253333333333
0.01592319999999984
0.005324799999999972
0.005324799999999983
0.005324799999999998
0
0
0.005324799999999974
0.01063253333333335
0.01592320000000001
0.005324799999999996
0.005324799999999996
0.03691519999999936
0.03169280000000059
0.0211968000000004
0.02119680000000024
0.01063253333333327
0
0.01063253333333324
0.01063253333333328
0.01592320000000001
0.01592319999999989
0.01592319999999984
0.005324799999999963
0.01592319999999992
0.01063253333333324
0
0
0.005324799999999957
0.005324799999999957
0
0
0.01063253333333317
0.01592319999999971
0.01063253333333329
0.01063253333333333
0
0.005324799999999958
0.005324799999999999
0
0
0.005324799999999984
0
0
0
0
0.005324799999999956
0.005324799999999956
0.01063253333333328
0.01063253333333326
0.005324799999999988
0.0106325333333334
0.01063253333333338
0.01063253333333342
0.00532479999999996
0.005324799999999954
0
0
0
0
0.01063253333333337
0
0.005324799999999965
0.01063253333333324
0.005324799999999989
0.005324799999999972
0.02119680000000037
0.01592320000000005
0
0.005324799999999957
0.01063253333333343
0.005324799999999979
0.00532479999999999
0.005324799999999962
0
0
0.005324799999999951
0.005324799999999951
0
0
0
0
0
0.005324799999999982
0
0
0.005324799999999998
0.02119680000000002
0
0.005324799999999996
0.01063253333333338
0
0
0.005324799999999999
0
0.005324799999999955
0.005324799999999979
0.01063253333333329
0.005324799999999974
0.005324799999999974
0.01592320000000006
0.005324799999999966
0
0
0.01063253333333341
0.01592320000000012
0.01063253333333341
0
0
0.005324799999999992
0.01063253333333344
0.005324799999999952
0.02119680000000009
0.02119680000000013
0.02119680000000013
0.02119680000000017
0.005324799999999954
0.005324799999999954
0
0
0
0
0
0
0
0
0
0
0
0.005324799999999959
0
0.005324799999999986
0.005324799999999989
0
0
0.01063253333333336
0.01063253333333336
0.005324799999999992
0.01063253333333339
0.01063253333333341
0.02645333333333346
0.01063253333333339
0.005324799999999972
0.03169280000000007
0.01063253333333336
0
0
0
0.0106325333333332
0
0
0.005324799999999954
0.01592319999999996
0
0
0
0
0
0.01063253333333326
0.005324799999999957
0
0
0
0.005324799999999979
0.005324799999999955
0.00532479999999995
0.005324799999999978
0.005324799999999978
0
0
0
0
0
0
0
0.005324799999999993
0
0
0
0
0
0.005324799999999971
0
0.01063253333333322
0.005324799999999972
0.005324799999999959
0.005324799999999957
0.005324799999999957
0.005324799999999957
0
0
0.005324799999999957
0
0
0
0
0
0
0.005324799999999983
0.00532479999999997
0.01063253333333339
0.005324799999999968
0
0.005324799999999979
0.0106325333333333
0.02119680000000024
0.02119680000000024
0.01063253333333332
0.01063253333333333
0
0
0.00532479999999995
0
0
0.005324799999999988
0
0.005324799999999962
0
0.005324799999999979
0
0
0.005324799999999987
0.01063253333333339
0.005324799999999957
0.005324799999999968
0.005324799999999979
0.005324799999999979
0
0.005324799999999979
0
0
0
0
0
0
0
0
0
0
0
0
0.01063253333333319
0.005324799999999964
0.005324799999999964
0.005324799999999964
0
0
0.005324799999999972
0.005324799999999972
0.005324799999999972
0
0.005324799999999963
0.005324799999999963
0
0
0
0
0
0
0
0.0106325333333334
0.0106325333333334
0.01592320000000003
0.005324799999999952
0.005324799999999952
0.005324799999999952
0
0.005324799999999992
0.01063253333333329
0.00532479999999997
0
0
0.005324799999999968
0
0.005324799999999952
0.01592319999999981
0.01063253333333318
0.01592319999999963
0.005324799999999959
0.01592319999999997
0.02119680000000014
0
0.005324799999999959
0.00532479999999995
0
0
0
0
0.005324799999999996
0.01063253333333333
0
0.01063253333333329
0.005324799999999956
0.005324799999999996
0.005324799999999996
0.02119680000000021
0.005324799999999965
0
0.005324799999999965
0.005324799999999999
0.005324799999999952
0.005324799999999952
0.01063253333333324
0.01063253333333328
0.005324799999999957
0
0
0.00532479999999997
0
0
0.01063253333333328
0.01063253333333328
0.02119680000000033
0.005324799999999973
0
0.01063253333333327
0
0.0106325333333333
0
0
0.005324799999999961
0.005324799999999961
0
0
0.005324799999999961
0
0
0.00532479999999996
0.005324799999999971
0.005324799999999971
0.02119680000000038
0.005324799999999956
0
0
0.005324799999999959
0.005324799999999959
0.01063253333333342
0
0.01063253333333327
0.01063253333333334
0
0.01592319999999988
0.005324799999999979
0
0
0
0
0
0
0.01063253333333335
0.01063253333333343
0.005324799999999956
0.01592320000000001
0.01063253333333333
0.005324799999999996
0.005324799999999979
0
0
0
0
0.01592320000000001
0.01063253333333336
0.005324799999999992
0.005324799999999965
0.01063253333333325
0
0.00532479999999997
0
0.005324799999999963
0.01063253333333328
0.01592319999999985
0.03691519999999936
0.03691519999999941
0.0211968000000001
0.005324799999999958
0
0.005324799999999992
0
0
0.005324799999999983
0
0
0.005324799999999989
0
0.005324799999999964
0.005324799999999959
0
0
0.005324799999999994
0.01592319999999998
0.005324799999999983
0
0
0
0
0
0
0
0
0
0.01063253333333332
0.02119680000000028
0.01592319999999971
0.01063253333333333
0.005324799999999992
0.01063253333333336
0.005324799999999992
0
0.01063253333333337
0.005324799999999989
0.0106325333333333
0.005324799999999987
0.01063253333333326
0.02645333333333341
0.005324799999999973
0
0.005324799999999952
0.01063253333333328
0.005324799999999971
0
0
0
0
0.005324799999999976
0
0
0
0
0
0.005324799999999968
0.01592319999999981
0.01592319999999978
0.01063253333333327
0.01592319999999989
0.01063253333333333
0.00532479999999997
0.02119680000000012
0.005324799999999988
0
0.01063253333333323
0.01063253333333323
0.005324799999999965
0.01063253333333323
0.005324799999999965
0.005324799999999965
0.005324799999999998
0.005324799999999998
0
0
0
0
0.005324799999999963
0
0.005324799999999998
0.005324799999999966
0.00532479999999995
0
0.02119680000000019
0.00532479999999997
0
0
0.01592319999999976
0.01592319999999976
0.01592319999999977
0
0.005324799999999992
0.005324799999999962
0
0
0
0.01063253333333333
0
0.005324799999999974
0.01063253333333324
0.0106325333333333
0.005324799999999953
0
0.005324799999999987
0
0.01063253333333327
0.01063253333333328
0
0
0
0
0
0.005324799999999987
0.01063253333333335
0.005324799999999967
0.01063253333333333
0.005324799999999952
0
0
0.01063253333333332
0.01063253333333341
0.005324799999999994
0
0
0.005324799999999952
0
0
0.005324799999999985
0.005324799999999985
0.005324799999999985
0.005324799999999985
0
0
0
0.01063253333333329
0.01063253333333337
0.01063253333333327
0.005324799999999984
0.01592319999999979
0.01063253333333326
0.02645333333333346
0.01592319999999985
0.02119680000000029
0.01592319999999981
0.01063253333333336
0
0
0.005324799999999997
0.005324799999999999
0.01592320000000008
0.02119680000000023
0.005324799999999963
0
0
0
0.005324799999999978
0.01063253333333331
0.01592319999999994
0
0
0
0.01063253333333341
0.01063253333333332
0
0
0
0.01063253333333333
0.005324799999999998
0.005324799999999973
0.005324799999999996
0.005324799999999996
0.01063253333333333
0.01063253333333335
0.005324799999999996
0.005324799999999996
0
0
0
0
0
0
0
0.01063253333333321
0.005324799999999965
0
0.01592319999999975
0.01592319999999973
0.01592319999999968
0
0
0
0
0
0.00532479999999999
0.01063253333333335
0
0.005324799999999961
0
0
0
0
0
0
0
0
0
0
0
0
0
0
0.01063253333333343
0.0106325333333333
0.005324799999999957
0.005324799999999955
0
0
0
0.01063253333333332
0.01063253333333332
0.01063253333333331
0.005324799999999992
0.005324799999999976
0.01063253333333328
0.005324799999999976
0
0
0
0.005324799999999951
0.01063253333333338
0.005324799999999951
0
0.005324799999999993
0
0.01592319999999983
0.005324799999999957
0.005324799999999957
0
0
0
0.005324799999999996
0.005324799999999955
0.005324799999999963
0.0159232000000002
0.02645333333333351
0.0211968
0
0
0
0
0
0.00532479999999997
0.01063253333333325
0.005324799999999952
0.005324799999999956
0.005324799999999961
0
0
0
0.01063253333333339
0.01063253333333339
0.01063253333333339
0
0.01063253333333336
0.005324799999999985
0.01063253333333337
0
0
0.00532479999999997
0.01063253333333339
0.005324799999999994
0.01063253333333341
0
0
0.005324799999999954
0.005324799999999954
0.005324799999999954
0
0
0
0.00532479999999997
0.01063253333333322
0.00532479999999997
0.00532479999999997
0
0.00532479999999995
0
0
0
0.01063253333333337
0.005324799999999968
0
0.005324799999999961
0
0
0
0.005324799999999996
0.01063253333333334
0
0.005324799999999999
0.005324799999999989
0
0
0
0
0.005324799999999986
0
0.01063253333333343
0.005324799999999952
0.005324799999999962
0
0
0.005324799999999988
0
0
0.005324799999999961
0.005324799999999961
0
0.00532479999999997
0.00532479999999997
0.005324799999999983
0
0
0.005324799999999961
0.01063253333333334
0.005324799999999961
0
0.00532479999999997
0.00532479999999997
0.01592319999999998
0
0.005324799999999996
0
0
0.005324799999999974
0
0
0
0.005324799999999959
0
0
0
0
0
0.005324799999999972
0.01592320000000008
0.01592320000000008
0.01063253333333326
0.005324799999999979
0
0.005324799999999995
0
0.01063253333333317
0.01592319999999963
0.005324799999999986
0.005324799999999992
0
0
0
0
0.005324799999999984
0
0
0
0.005324799999999969
0.01592319999999971
0
0
0
0.0106325333333333
0.01592320000000007
0.00532479999999999
0.005324799999999986
0.01063253333333335
0.02119680000000016
0.01063253333333329
0.005324799999999987
0.005324799999999987
0.005324799999999987
0
0
0
0.00532479999999998
0
0
0
0
0
0
0.005324799999999985
0.01063253333333333
0.00532479999999997
0
0
0.005324799999999966
0.00532479999999997
0.005324799999999989
0.01063253333333341
0.005324799999999963
0.01063253333333345
0.005324799999999963
0.01063253333333339
0
0.005324799999999983
0.005324799999999992
0
0.01063253333333329
0.005324799999999989
0
0
0.005324799999999952
0
0.005324799999999962
0.005324799999999999
0.005324799999999961
0.005324799999999972
0.005324799999999972
0.02119680000000026
0.0106325333333333
0.005324799999999979
0.0106325333333332
0.0106325333333332
0.01063253333333336
0.005324799999999986
0
0.01063253333333322
0.00532479999999997
0.00532479999999997
0.005324799999999974
0.005324799999999974
0.005324799999999974
0.005324799999999975
0.005324799999999975
0.01592320000000016
0.01063253333333349
0.005324799999999989
0
0
0
0
0
0
0.005324799999999994
0.005324799999999972
0.005324799999999967
0
0
0.005324799999999987
0.005324799999999987
0
0
0
0.01063253333333318
0
0.005324799999999961
0.005324799999999961
0
0
0.01063253333333327
0.005324799999999959
0
0
0.005324799999999992
0.01063253333333333
0
0.005324799999999991
0.005324799999999991
0
0.005324799999999975
0.005324799999999975
0.01063253333333331
0.005324799999999975
0.01592320000000007
0
0
0
0.005324799999999956
0.005324799999999968
0.005324799999999992
0
0
0
0.0159231999999999
0.0106325333333332
0
0.01063253333333342
0.01063253333333342
0.01592319999999963
0.01063253333333342
0.005324799999999992
0
0.005324799999999955
0
0.005324799999999988
0.01063253333333332
0
0
0
0
0.00532479999999995
0
0
0.01063253333333323
0.005324799999999959
0
0
0.005324799999999959
0
0
0
0
0
0
0
0
0.005324799999999974
0
0.005324799999999992
0.01063253333333339
0
0
0.005324799999999965
0
0
0.005324799999999984
0.005324799999999984
0
0.005324799999999975
0
0
0
0
0
0
0
0.005324799999999996
0.01063253333333333
0.01063253333333337
0.005324799999999994
0.005324799999999968
0
0
0
0
0
0
0
0
0
0.005324799999999966
0
0
0
0
0.01063253333333316
0.0159231999999996
0.005324799999999954
0.01592319999999976
0.005324799999999954
0.01592320000000017
0.01063253333333346
0.005324799999999995
0
0
0
0.005324799999999978
0.01063253333333336
0.005324799999999978
0.005324799999999999
0.01592320000000008
0.01063253333333337
0.01063253333333326
0.005324799999999979
0
0.005324799999999965
0.005324799999999965
0
0
0
0
0
0
0
0
0.005324799999999971
0.005324799999999971
0
0
0.0106325333333334
0.01063253333333333
0.01063253333333333
0.01063253333333329
0.01063253333333329
0.005324799999999989
0.005324799999999983
0.01063253333333329
0
0
0
0.005324799999999982
0
0.01063253333333324
0.01592319999999976
0
0
0.005324799999999968
0.005324799999999989
0.005324799999999974
0.005324799999999966
0.005324799999999966
0.005324799999999966
0
0.01063253333333334
0.005324799999999987
0
0
0
0
0
0.005324799999999979
0
0.005324799999999976
0.005324799999999983
0.005324799999999983
0.005324799999999966
0.005324799999999985
0.0106325333333332
0.01063253333333319
0.005324799999999963
0.005324799999999956
0
0
0
0
0.005324799999999973
0.01063253333333328
0.005324799999999951
0.02119680000000014
0.02119680000000013
0.01592319999999981
0.01592320000000003
0.01063253333333327
0.005324799999999953
0
0.005324799999999959
0.01063253333333327
0.01592320000000006
0.01063253333333327
0.01592319999999998
0.005324799999999957
0.005324799999999957
0.005324799999999957
0
0
0
0
0
0
0
0.005324799999999975
0.005324799999999984
0.01063253333333333
0.005324799999999966
0.005324799999999966
0
0
0.01063253333333331
0.005324799999999985
0
0.00532479999999997
0.005324799999999952
0.005324799999999963
0
0.005324799999999965
0.005324799999999965
0
0
0
0
0.005324799999999996
0
0
0
0.005324799999999952
0
0
0.005324799999999957
0.005324799999999957
0.005324799999999957
0.01063253333333319
0.0159232000000002
0
0
0.01063253333333325
0.005324799999999977
0.0106325333333334
0.00532479999999999
0.005324799999999966
0
0.01063253333333341
0.00532479999999999
0
0
0.00532479999999995
0.005324799999999961
0
0
0
0
0
0
0
0.005324799999999985
0
0.005324799999999976
0.005324799999999961
0
0.00532479999999997
0.00532479999999997
0
0
0.005324799999999972
0
0.005324799999999986
0.005324799999999986
0
0.005324799999999961
0.01063253333333348
0.005324799999999952
0.005324799999999952
0
0.01063253333333335
0
0
0.005324799999999998
0
0
0
0.005324799999999992
0.01063253333333342
0.01063253333333317
0.01592320000000016
0
0
0
0
0
0.005324799999999996
0.00532479999999996
0.01063253333333325
0.01592319999999978
0.005324799999999952
0.005324799999999952
0.005324799999999952
0
0
0.005324799999999974
0
0.005324799999999996
0.005324799999999998
0
0
0
0
0
0
0.005324799999999952
0.01063253333333327
0.005324799999999969
0.01063253333333323
0.02119680000000047
0.01592319999999966
0.005324799999999952
0
0
0.005324799999999982
0.005324799999999982
0.005324799999999981
0
0.005324799999999965
0.005324799999999965
0
0
0
0
0
0.005324799999999961
0
0
0
0
0
0.005324799999999975
0
0
0
0
0
0.005324799999999969
0.02119680000000024
0.02119680000000002
0
0.005324799999999959
0.005324799999999959
0.01063253333333344
0.005324799999999959
0
0
0
0.005324799999999959
0
0
0
0
0
0.005324799999999951
0.005324799999999951
0.005324799999999951
0
0
0.005324799999999975
0
0
0
0
0.005324799999999975
0.005324799999999975
0
0.005324799999999974
0.01063253333333332
0.01063253333333319
0
0.005324799999999984
0
0
0
0
0
0
0
0.005324799999999993
0.005324799999999966
0.005324799999999966
0.01063253333333325
0.005324799999999952
0
0.005324799999999952
0.01592319999999996
0.01063253333333323
0.005324799999999952
0
0.00532479999999998
0.00532479999999996
0.01063253333333337
0
0
0
0.005324799999999966
0.01592319999999992
0.0106325333333334
0
0
0
0
0
0
0.00532479999999995
0
0
0
0
0
0.01063253333333321
0.01063253333333323
0
0.005324799999999968
0.005324799999999989
0
0
0.01063253333333348
0
0
0.01063253333333331
0.02645333333333347
0.01592320000000007
0.01063253333333347
0.005324799999999984
0.005324799999999984
0.005324799999999984
0.005324799999999984
0
0
0
0
0.005324799999999955
0
0.01063253333333338
0.01063253333333327
0.01063253333333327
0.005324799999999976
0
0
0
0
0
0.00532479999999996
0.01063253333333322
0
0
0
0.005324799999999972
0
0.01063253333333337
0.005324799999999998
0.005324799999999998
0.005324799999999978
0
0
0.005324799999999965
0.01592319999999999
0
0
0.005324799999999982
0.005324799999999998
0
0.00532479999999996
0.005324799999999979
0
0.02119680000000019
0.005324799999999987
0
0.01063253333333332
0
0
0.01063253333333316
0.01063253333333342
0.0106325333333333
0.005324799999999983
0.005324799999999983
0.01063253333333335
0.005324799999999957
0.01592319999999997
0
0.005324799999999992
0.005324799999999993
0.01063253333333337
0
0
0
0.005324799999999958
0.005324799999999958
0
0
0.005324799999999953
0.005324799999999953
0
0
0
0
0.005324799999999951
0
0
0.005324799999999995
0
0
0.005324799999999959
0.005324799999999959
0.005324799999999975
0.005324799999999974
0.01063253333333328
0
0
0
0.005324799999999957
0.005324799999999957
0.005324799999999967
0
0.005324799999999971
0
0
0.005324799999999995
0.005324799999999987
0
0
0
0.005324799999999968
0
0
0
0.005324799999999983
0.005324799999999989
0
0
0
0
0
0
0.00532479999999996
0.005324799999999955
0
0.00532479999999998
0.01592319999999989
0.01063253333333329
0.01063253333333327
0
0
0
0.005324799999999966
0.005324799999999961
0.01063253333333323
0
0.005324799999999964
0.005324799999999964
0
0
0
0
0.005324799999999952
0.005324799999999952
0.005324799999999952
0.005324799999999997
0.01592319999999997
0.005324799999999989
0.005324799999999989
0.005324799999999989
0.005324799999999975
0
0
0
0
0.005324799999999996
0
0
0
0
0.01063253333333339
0
0
0.01063253333333328
0.01063253333333328
0.01592319999999984
0.01592319999999979
0.01592320000000013
0.005324799999999957
0.005324799999999994
0
0
0
0
0.01063253333333338
0.02645333333333343
0.02119680000000004
0.02645333333333346
0.005324799999999965
0.005324799999999965
0.01063253333333324
0.005324799999999965
0
0
0
0
0
0
0
0.005324799999999987
0.005324799999999987
0
0.0106325333333333
0.005324799999999992
0
0
0.01063253333333332
0.005324799999999976
0
0.02119680000000003
0.02645333333333344
0.01063253333333324
0.01063253333333328
0.01063253333333334
0.005324799999999979
0.00532479999999997
0
0
0.005324799999999962
0.005324799999999962
0.0159231999999997
0.01063253333333321
0.01063253333333321
0.01592319999999981
0.005324799999999979
0.005324799999999956
0.005324799999999988
0.01063253333333338
0.005324799999999959
0.01063253333333317
0.005324799999999959
0
0
0
0
0.005324799999999953
0.005324799999999953
0.01592319999999979
0.005324799999999979
0.005324799999999959
0.005324799999999996
0.005324799999999996
0
0.01063253333333324
0.0106325333333332
0.005324799999999965
0.005324799999999965
0.005324799999999965
0.02119680000000041
0.02645333333333353
0.01592319999999997
0
0.005324799999999976
0.005324799999999976
0
0.00532479999999997
0.00532479999999997
0.005324799999999976
0
0
0
0
0.005324799999999979
0.01592319999999992
0.005324799999999962
0.005324799999999975
0.005324799999999968
0.01063253333333323
0
0.01063253333333318
0.01063253333333318
0
0
0.005324799999999974
0.01063253333333337
0.0159232
0.005324799999999994
0.01063253333333342
0.01063253333333342
0
0.0106325333333333
0.005324799999999961
0.005324799999999961
0.005324799999999978
0.00532479999999999
0
0.00532479999999997
0
0.005324799999999963
0
0
0
0.01063253333333326
0.005324799999999974
0.01063253333333334
0.005324799999999989
0.0106325333333334
0
0
0.005324799999999985
0
0
0.005324799999999957
0.005324799999999957
0
0
0
0
0
0
0
0.01063253333333327
0.005324799999999971
0.005324799999999963
0.005324799999999963
0.005324799999999963
0
0.01592319999999986
0
0.005324799999999973
0
0
0.01592319999999989
0
0
0
0
0
0
0
0.005324799999999992
0.005324799999999965
0
0
0
0
0
0
0.005324799999999987
0
0
0.005324799999999954
0.01063253333333337
0
0.005324799999999986
0.01592320000000001
0.00532479999999996
0.00532479999999996
0
0
0
0
0
0
0
0.005324799999999972
0
0.01063253333333318
0.005324799999999957
0
0.01063253333333334
0.005324799999999999
0
0.005324799999999949
0
0.00532479999999998
0.00532479999999998
0
0.01063253333333342
0.01063253333333333
0.01063253333333333
0.005324799999999996
0.005324799999999954
0.005324799999999978
0
0
0
0
0
0
0
0
0
0.005324799999999979
0.005324799999999979
0
0
0
0.005324799999999997
0.01592320000000001
0.005324799999999992
0.00532479999999995
0
0.005324799999999952
0.005324799999999985
0.02645333333333345
0.02645333333333348
0.005324799999999961
0.01063253333333326
0.01592319999999981
0.0211968000000003
0.01063253333333321
0.01592319999999969
0.01063253333333321
0.01063253333333328
0
0.005324799999999951
0
0.005324799999999949
0
0
0
0.01592319999999987
0.005324799999999986
0
0.005324799999999961
0.005324799999999985
0.005324799999999983
0
0.005324799999999986
0.005324799999999986
0.005324799999999986
0.005324799999999992
0
0
0
0.005324799999999961
0
0
0.00532479999999998
0
0.005324799999999963
0.005324799999999963
0.005324799999999963
0.005324799999999963
0.005324799999999963
0.01063253333333321
0.01063253333333331
0.005324799999999988
0
0
0
0
0
0.005324799999999987
0.00532479999999997
0
0
0.005324799999999959
0.005324799999999959
0.005324799999999959
0.01063253333333324
0.01592319999999978
0.0159232000000001
0.005324799999999998
0.01592320000000009
0
0.00532479999999997
0
0.005324799999999986
0.01063253333333332
0.005324799999999974
0.005324799999999974
0.0159231999999998
0.02645333333333346
0.01063253333333326
0.01592319999999996
0.01592319999999997
0.01063253333333334
0
0
0.005324799999999971
0
0
0
0.005324799999999979
0.005324799999999996
0.005324799999999989
0.005324799999999974
0.005324799999999984
0.005324799999999984
0.005324799999999984
0
0
0
0.005324799999999972
0.005324799999999986
0
0
0
0.005324799999999984
0
0
0
0
0
0
0.005324799999999983
0.005324799999999983
0.00532479999999999
0
0
0
0
0
0.0106325333333333
0.01592319999999996
0
0
0.01063253333333341
0
0.005324799999999956
0.01063253333333347
0.01592320000000012
0.00532479999999997
0.00532479999999997
0
0.01063253333333343
0.005324799999999963
0.01063253333333328
0.01063253333333328
0.03169280000000048
0.01592319999999995
0.0106325333333333
0.0106325333333333
0
0
0.00532479999999995
0.00532479999999995
0
0.005324799999999952
0
0.005324799999999979
0.005324799999999983
0
0
0
0.005324799999999982
0.01063253333333331
0.005324799999999982
0.01063253333333332
0.01592319999999983
0.01063253333333328
0
0
0.005324799999999985
0
0
0.005324799999999993
0.005324799999999987
0
0.005324799999999992
0
0.005324799999999996
0
0.005324799999999983
0.01063253333333338
0
0
0
0
0
0
0
0
0.01592320000000005
0.01063253333333342
0.005324799999999961
0
0
0
0.005324799999999968
0.005324799999999985
0
0.01063253333333339
0.005324799999999965
0.0106325333333332
0.01063253333333341
0.005324799999999976
0
0.005324799999999992
0.005324799999999965
0.01063253333333327
0.00532479999999998
0
0
0
0
0
0
0.02119680000000051
0.0159231999999998
0.005324799999999976
0
0.005324799999999977
0.01063253333333331
0.005324799999999977
0.005324799999999977
0
0
0.005324799999999965
0
0.005324799999999996
0
0
0
0
0
0.005324799999999998
0
0
0
0.005324799999999974
0.01063253333333327
0.00532479999999997
0
0.0159232000000001
0.0106325333333334
0
0
0
0
0.005324799999999961
0.005324799999999961
0.005324799999999961
0.01063253333333332
0
0.005324799999999979
0.01063253333333333
0.005324799999999963
0.01063253333333319
0.005324799999999963
0
0.00532479999999997
0.005324799999999972
0.005324799999999972
0.01592319999999973
0.005324799999999959
0
0.005324799999999952
0.005324799999999997
0.01063253333333332
0.005324799999999996
0.00532479999999997
0.00532479999999997
0
0.005324799999999993
0.01063253333333339
0.01063253333333331
0.01063253333333329
0.005324799999999982
0.005324799999999982
0
0
0.01063253333333333
0.01063253333333333
0.005324799999999974
0
0
0
0
0.005324799999999973
0.005324799999999973
0
0.005324799999999952
0.005324799999999952
0.005324799999999952
0
0.005324799999999984
0
0
0
0
0
0.01063253333333321
0.005324799999999964
0.005324799999999964
0
0
0.005324799999999973
0
0
0
0.005324799999999961
0.01592319999999985
0.01063253333333328
0
0
0
0
0
0
0.005324799999999958
0.005324799999999958
0.01063253333333346
0.00532479999999995
0.01063253333333325
0.005324799999999959
0.005324799999999957
0.005324799999999954
0.005324799999999954
0
0
0
0
0.005324799999999989
0.005324799999999989
0.005324799999999989
0.00532479999999995
0.00532479999999995
0.0106325333333334
0
0.005324799999999992
0.01063253333333339
0.005324799999999992
0.005324799999999981
0
0
0.01063253333333323
0.01063253333333321
0.005324799999999966
0.005324799999999965
0.005324799999999965
0.01063253333333324
0.0106325333333332
0
0
0.005324799999999988
0.01063253333333333
0.005324799999999984
0.005324799999999984
0
0
0
0
0
0.005324799999999977
0
0.005324799999999986
0.00532479999999995
0.00532479999999995
0.00532479999999995
0
0.005324799999999975
0.005324799999999977
0.01592319999999991
0.005324799999999977
0.0106325333333333
0.01592320000000006
0.005324799999999998
0.005324799999999998
0.005324799999999998
0.01592320000000006
0.01063253333333337
0.005324799999999983
0.005324799999999972
0
0.005324799999999959
0.01063253333333339
0.01592319999999993
0.005324799999999984
0.005324799999999957
0
0.005324799999999993
0
0
0
0
0
0
0.005324799999999999
0.005324799999999999
0.005324799999999999
0
0
0.005324799999999988
0.005324799999999988
0
0.005324799999999979
0.01063253333333327
0.01063253333333329
0
0
0.005324799999999965
0
0.005324799999999971
0.005324799999999971
0
0.01063253333333323
0.01592320000000017
0.005324799999999952
0.005324799999999978
0.005324799999999975
0.01063253333333334
0.005324799999999999
0.005324799999999999
0
0
0.005324799999999953
0
0.005324799999999961
0
0
0.005324799999999969
0.01063253333333345
0.01063253333333336
0.01592320000000005
0.005324799999999997
0
0
0
0
0
0.005324799999999962
0.01063253333333321
0.01063253333333321
0.005324799999999962
0.005324799999999962
0
0
0
0
0
0
0
0.01063253333333339
0.005324799999999987
0
0
0
0
0
0
0
0
0
0
0
0.005324799999999965
0
0.005324799999999984
0.01063253333333337
0.005324799999999984
0
0
0
0.005324799999999957
0
0.005324799999999985
0
0.005324799999999976
0
0
0
0.01063253333333339
0.005324799999999997
0.005324799999999979
0.0106325333333332
0.03691519999999957
0.02645333333333352
0.03169280000000069
0
0.01592319999999978
0.01063253333333314
0.02119680000000053
0.005324799999999959
0
0
0
0
0
0.005324799999999972
0.01063253333333317
0.01063253333333317
0.005324799999999953
0.005324799999999996
0
0
0.005324799999999993
0
0
0
0
0.005324799999999987
0
0.005324799999999954
0.005324799999999954
0.01592320000000004
0
0
0.005324799999999962
0.0106325333333332
0.005324799999999956
0
0
0.005324799999999962
0.005324799999999997
0.005324799999999997
0
0
0.005324799999999983
0.005324799999999959
0.01063253333333317
0.005324799999999959
0
0
0.00532479999999998
0.00532479999999998
0.00532479999999997
0.00532479999999997
0
0.005324799999999957
0
0
0.005324799999999964
0.005324799999999952
0.01063253333333321
0.01063253333333321
0
0
0.005324799999999962
0
0
0
0.005324799999999984
0
0
0
0
0
0
0
0.005324799999999965
0.01592320000000005
0.01063253333333335
0.01063253333333334
0.01592320000000013
0.005324799999999959
0.01063253333333322
0.01063253333333322
0.005324799999999979
0
0.005324799999999997
0
0
0.005324799999999956
0.01592319999999988
0.0106325333333333
0
0
0
0
0.005324799999999976
0
0.005324799999999966
0.005324799999999982
0.005324799999999961
0.01063253333333339
0.02119680000000035
0.01063253333333323
0.01592320000000004
0.005324799999999973
0.005324799999999954
0.005324799999999954
0.01063253333333336
0.005324799999999979
0
0
0
0
0.005324799999999984
0.005324799999999989
0.005324799999999989
0
0
0
0
0
0.005324799999999983
0
0
0.01063253333333316
0.005324799999999992
0.01063253333333333
0.005324799999999954
0.01063253333333316
0
0.005324799999999963
0
0
0
0
0.01063253333333332
0.005324799999999995
0.005324799999999995
0
0.005324799999999955
0.00532479999999995
0.005324799999999998
0.005324799999999998
0.0106325333333334
0.005324799999999998
0.00532479999999997
0.01063253333333331
0.01063253333333331
0.00532479999999997
0
0.005324799999999983
0
0
0.005324799999999951
0.005324799999999951
0.005324799999999951
0.005324799999999951
0.01063253333333332
0.005324799999999999
0.01063253333333336
0.005324799999999987
0.005324799999999996
0.005324799999999996
0.01063253333333339
0.01063253333333342
0.01592320000000014
0.005324799999999992
0.01063253333333344
0
0.01063253333333323
0.00532479999999997
0.005324799999999979
0.01592319999999985
0.01063253333333327
0.01063253333333327
0.01063253333333328
0.01592319999999986
0.005324799999999984
0.01063253333333337
0.0159231999999997
0.0159231999999997
0.01063253333333335
0.0106325333333333
0
0.01592319999999975
0.01592319999999978
0.0159231999999998
0.01063253333333332
0.01592319999999978
0.01063253333333345
0.005324799999999959
0.005324799999999993
0.005324799999999993
0.01063253333333339
0
0.0106325333333333
0.005324799999999952
0
0
0.01063253333333322
0.005324799999999966
0.0159232
0
0
0
0.005324799999999959
0
0
0.01063253333333336
0
0.01063253333333327
0
0.01063253333333338
0.005324799999999961
0.0106325333333332
0.01592319999999964
0.01063253333333337
0.0106325333333333
0.0106325333333333
0.01063253333333337
0.005324799999999952
0.005324799999999953
0
0.01063253333333337
0
0.005324799999999965
0.005324799999999965
0
0.005324799999999981
0.01592319999999999
0
0
0
0
0.0159231999999998
0.01063253333333337
0.005324799999999963
0.00532479999999995
0.005324799999999951
0
0
0
0
0
0
0.01063253333333322
0.005324799999999957
0
0
0
0
0
0.005324799999999965
0
0
0
0
0
0
0
0
0.01063253333333322
0.005324799999999964
0
0.005324799999999952
0.005324799999999952
0.005324799999999952
0
0
0
0
0
0
0
0
0
0.00532479999999997
0
0.005324799999999982
0.005324799999999987
0.01063253333333337
0.005324799999999961
0.005324799999999961
0.01063253333333345
0.005324799999999961
0.01063253333333329
0.01063253333333332
0
0.005324799999999969
0
0
0
0
0
0.01063253333333331
0.005324799999999989
0.005324799999999989
0
0.01063253333333333
0.01063253333333334
0.02119680000000002
0.02119680000000004
0.005324799999999983
0.01592319999999984
0.005324799999999976
0.005324799999999965
0.005324799999999965
0
0.01592319999999969
0.01063253333333327
0.005324799999999976
0.01592320000000013
0.01063253333333322
0.01063253333333323
0.01063253333333317
0.01063253333333318
0
0
0
0.005324799999999996
0
0
0
0
0.005324799999999959
0.005324799999999959
0
0
0
0
0
0.005324799999999984
0
0
0.005324799999999963
0.005324799999999986
0
0
0.005324799999999995
0
0.01063253333333331
0.00532479999999998
0.00532479999999998
0.00532479999999998
0.00532479999999998
0
0
0
0.01063253333333321
0.02119680000000041
0.01592320000000002
0.005324799999999969
0.01063253333333337
0.005324799999999992
0
0
0.005324799999999979
0.005324799999999979
0
0
0.00532479999999995
0
0
0.005324799999999999
0.01063253333333347
0.01592320000000021
0.005324799999999951
0.01063253333333331
0.01063253333333326
0.01592319999999981
0.0211968000000003
0.005324799999999963
0
0
0
0
0.00532479999999996
0.01063253333333328
0
0
0
0
0
0
0
0
0
0.005324799999999997
0.005324799999999997
0
0
0
0.01063253333333345
0.0106325333333334
0
0.005324799999999992
0.005324799999999961
0.0106325333333334
0
0
0
0.005324799999999985
0
0.005324799999999993
0.005324799999999993
0
0
0.01063253333333338
0.01063253333333338
0.01063253333333328
0.005324799999999985
0.005324799999999979
0
0
0
0
0.005324799999999987
0.005324799999999987
0.005324799999999996
0
0
0
0.005324799999999989
0.01063253333333333
0
0.005324799999999972
0
0
0
0
0.005324799999999991
0.005324799999999991
0.01063253333333334
0
0.005324799999999961
0.005324799999999961
0
0
0
0.005324799999999999
0.005324799999999999
0.01592320000000024
0.005324799999999953
0
0.005324799999999996
0
0.01063253333333321
0.005324799999999985
0.005324799999999954
0.005324799999999999
0.005324799999999986
0
0
0
0.01063253333333346
0.005324799999999955
0
0.005324799999999989
0.01063253333333338
0.01063253333333323
0.005324799999999969
0.01063253333333342
0
0.005324799999999984
0.005324799999999996
0.01592319999999998
0.01063253333333337
0.00532479999999998
0
0
0
0
0
0
0
0
0.005324799999999961
0
0.01592320000000003
0.005324799999999992
0.005324799999999992
0
0.00532479999999996
0.00532479999999996
0.005324799999999963
0
0
0.005324799999999961
0.01063253333333324
0.005324799999999962
0.00532479999999996
0.00532479999999996
0
0.005324799999999952
0.005324799999999985
0.01063253333333328
0.01063253333333329
0
0
0
0
0
0.005324799999999997
0
0.005324799999999998
0
0.01592319999999976
0.005324799999999961
0.005324799999999961
0.0264533333333335
0
0
0
0
0
0.005324799999999965
0.0106325333333334
0.005324799999999952
0.01063253333333332
0.01063253333333315
0
0
0
0.005324799999999996
0
0
0
0
0
0
0.005324799999999974
0.005324799999999996
0.01063253333333317
0.005324799999999952
0.005324799999999981
0.01592319999999996
0.005324799999999984
0.005324799999999958
0
0.005324799999999959
0
0.005324799999999958
0.005324799999999952
0
0.005324799999999979
0
0.005324799999999973
0.01592319999999994
0.005324799999999992
0
0.00532479999999996
0
0.01063253333333332
0.005324799999999964
0.01063253333333336
0.005324799999999961
0
0.00532479999999995
0.00532479999999995
0.01063253333333329
0.005324799999999982
0.02119680000000023
0.005324799999999983
0.005324799999999987
0
0
0.01063253333333319
0.005324799999999983
0
0.0106325333333333
0.005324799999999975
0.01063253333333333
0.00532479999999995
0
0.005324799999999993
0.005324799999999993
0
0.005324799999999952
0
0.005324799999999989
0.01063253333333339
0.005324799999999965
0
0
0.005324799999999973
0.005324799999999989
0.005324799999999989
0.005324799999999965
0
0.005324799999999996
0.01592320000000002
0.005324799999999992
0.005324799999999952
0
0.01063253333333339
0.005324799999999957
0.005324799999999986
0
0.005324799999999954
0
0
0
0.01592319999999987
0.00532479999999995
0
0
0
0
0.00532479999999995
0
0
0.01063253333333319
0
0
0.005324799999999979
0
0.005324799999999965
0
0
0.005324799999999996
0.01063253333333338
0.01592320000000004
0.005324799999999989
0.005324799999999983
0.005324799999999983
0.005324799999999983
0
0
0
0
0
0
0
0.005324799999999985
0.01063253333333332
0.02645333333333339
0.02119680000000011
0.005324799999999991
0
0
0.005324799999999965
0.01592320000000015
0.01592320000000003
0.01592320000000002
0.01592320000000004
0
0
0
0
0
0
0
0
0
0.005324799999999985
0
0.005324799999999985
0.005324799999999985
0.005324799999999957
0.0106325333333334
0.00532479999999996
0.00532479999999996
0.00532479999999996
0.00532479999999996
0.00532479999999996
0.00532479999999996
0
0
0.00532479999999995
0
0
0
0
0.005324799999999979
0
0.005324799999999969
0
0
0
0.00532479999999998
0.01063253333333342
0.01063253333333341
0
0.005324799999999963
0
0.00532479999999997
0.00532479999999997
0
0
0
0
0.005324799999999972
0
0.005324799999999963
0.01063253333333341
0
0.0106325333333334
0
0
0
0
0.005324799999999962
0.005324799999999986
0.005324799999999992
0.005324799999999981
0.005324799999999981
0
0
0
0
0
0
0
0.01063253333333317
0.01063253333333332
0
0
0
0.005324799999999994
0.005324799999999994
0.005324799999999994
0.01063253333333334
0
0
0.005324799999999953
0
0.005324799999999999
0
0.00532479999999996
0.00532479999999996
0.005324799999999952
0
0
0
0
0
0.005324799999999976
0
0
0.005324799999999962
0.005324799999999982
0
0
0
0
0
0
0
0.005324799999999977
0
0.005324799999999959
0.01592319999999982
0.02645333333333348
0.005324799999999967
0.005324799999999973
0.01063253333333344
0
0
0
0
0.005324799999999949
0
0.01063253333333336
0.0159232
0.005324799999999989
0.005324799999999987
0.005324799999999987
0.005324799999999987
0
0
0
0.005324799999999992
0
0
0.01592319999999989
0.02645333333333342
0.005324799999999975
0
0
0.005324799999999963
0.005324799999999961
0.005324799999999964
0
0.01063253333333339
0
0
0.00532479999999996
0.01592320000000007
0.01592319999999988
0.005324799999999959
0.005324799999999959
0
0
0
0
0
0
0
0
0.01063253333333328
0
0.01063253333333343
0.005324799999999949
0.005324799999999998
0.005324799999999998
0.005324799999999979
0.005324799999999979
0.01063253333333326
0.01592320000000006
0.0159231999999997
0
0.005324799999999959
0
0.005324799999999987
0.005324799999999987
0.005324799999999966
0.005324799999999966
0.005324799999999964
0.005324799999999964
0.005324799999999979
0.005324799999999979
0.005324799999999979
0
0
0
0.005324799999999952
0.01063253333333322
0.01592319999999993
0.01063253333333334
0.0106325333333332
0.005324799999999976
0.005324799999999976
0
0
0
0
0
0.005324799999999989
0.01063253333333333
0
0
0
0.01063253333333342
0
0
0.005324799999999957
0
0
0
0
0.01063253333333335
0.005324799999999979
0
0
0
0.01063253333333332
0.01063253333333327
0.01063253333333334
0
0
0
0
0
0
0.005324799999999971
0.005324799999999971
0
0.005324799999999983
0.005324799999999983
0
0.005324799999999965
0.005324799999999975
0
0
0
0
0.005324799999999976
0.01063253333333332
0
0
0.005324799999999993
0
0
0.01063253333333331
0.00532479999999999
0
0.005324799999999979
0.01063253333333328
0.00532479999999997
0
0.005324799999999985
0
0
0
0
0
0
0.01063253333333332
0
0
0.00532479999999997
0
0.005324799999999957
0.005324799999999987
0
0
0.005324799999999952
0
0.01592319999999992
0.01063253333333317
0.01063253333333317
0
0
0
0.005324799999999988
0.01063253333333349
0.01063253333333342
0.01063253333333342
0.01592320000000016
0.01063253333333343
0.005324799999999999
0
0
0.01063253333333332
0.01592319999999995
0.005324799999999979
0.01063253333333327
0.005324799999999979
0.005324799999999994
0.005324799999999994
0
0.02119680000000031
0.01063253333333326
0.005324799999999974
0.005324799999999974
0
0.005324799999999959
0.01063253333333327
0.01592320000000014
0
0
0.005324799999999965
0
0
0.005324799999999974
0
0
0
0.005324799999999984
0
0
0
0
0.01063253333333339
0.02119680000000015
0.005324799999999952
0.01063253333333342
0.005324799999999952
0.005324799999999957
0
0
0
0.01063253333333338
0.005324799999999955
0
0
0.01063253333333325
0.01063253333333325
0.02119680000000035
0.01592319999999987
0.005324799999999973
0
0.005324799999999966
0.005324799999999983
0.005324799999999983
0.01592320000000004
0.01063253333333343
0.005324799999999998
0
0
0.00532479999999999
0
0.005324799999999957
0.01063253333333316
0.01063253333333327
0
0
0
0
0
0
0
0
0
0
0
0
0
0.005324799999999993
0
0
0.005324799999999963
0
0
0
0.005324799999999979
0.005324799999999979
0.01063253333333326
0.01063253333333331
0
0
0
0.005324799999999978
0
0
0
0.01063253333333344
0.01063253333333338
0.005324799999999979
0.005324799999999979
0.01063253333333327
0.01063253333333327
0.01063253333333328
0.005324799999999954
0
0.005324799999999967
0.005324799999999967
0
0
0.005324799999999983
0.02119680000000024
0.02645333333333343
0.01592319999999984
0
0
0.005324799999999969
0
0.005324799999999992
0.005324799999999992
0.005324799999999992
0.01063253333333335
0.01063253333333338
0.01063253333333327
0
0
0
0
0
0
0
0.005324799999999983
0.005324799999999998
0.005324799999999973
0.005324799999999953
0
0
0.005324799999999985
0
0.005324799999999959
0.0159231999999999
0.01063253333333331
0
0
0
0
0.005324799999999987
0
0.005324799999999965
0
0
0
0
0
0.005324799999999969
0
0
0
0.005324799999999981
0.005324799999999951
0
0
0
0.005324799999999992
0.005324799999999955
0
0.005324799999999954
0
0
0.005324799999999949
0.005324799999999949
0.01063253333333318
0.005324799999999956
0
0.005324799999999975
0.005324799999999959
0
0
0
0.005324799999999957
0.01063253333333316
0
0
0.005324799999999965
0.005324799999999971
0.0106325333333334
0.01063253333333324
0.005324799999999979
0.005324799999999952
0.01063253333333342
0.00532479999999999
0.005324799999999988
0.005324799999999983
0
0
0.00532479999999999
0
0.005324799999999965
0
0
0.005324799999999981
0
0
0.005324799999999983
0.005324799999999968
0
0
0
0
0
0
0.005324799999999976
0.005324799999999976
0
0
0.01063253333333333
0.01063253333333336
0.00532479999999996
0
0
0
0.01063253333333317
0.02119680000000038
0.01592320000000003
0.01063253333333345
0.01592320000000016
0.005324799999999992
0.02119680000000018
0.005324799999999982
0.005324799999999972
0
0.005324799999999976
0.02119680000000028
0.005324799999999992
0.005324799999999992
0.01592319999999995
0.0106325333333333
0.005324799999999963
0
0
0
0
0.005324799999999953
0.005324799999999954
0.02119680000000024
0.02119680000000022
0.01063253333333332
0.01592320000000004
0.01063253333333337
0
0
0
0
0
0.01063253333333319
0.00532479999999996
0
0.005324799999999952
0.005324799999999959
0.005324799999999959
0
0
0
0
0
0
0
0
0
0
0.00532479999999998
0
0.005324799999999956
0.01063253333333324
0.01063253333333324
0.01592319999999961
0.005324799999999956
0.01063253333333327
0.005324799999999978
0.005324799999999978
0.005324799999999966
0.01063253333333323
0.02119680000000031
0.01063253333333328
0.005324799999999974
0.005324799999999974
0.02645333333333344
0.02119680000000015
0.01063253333333328
0.005324799999999961
0
0.005324799999999951
0
0.005324799999999979
0.01063253333333334
0.005324799999999992
0
0
0.005324799999999963
0
0.005324799999999952
0
0.005324799999999963
0
0.005324799999999982
0
0.005324799999999952
0.005324799999999968
0.01063253333333322
0
0
0
0
0.01063253333333338
0.01063253333333348
0.01592320000000007
0.02119680000000028
0.02119680000000028
0.01063253333333331
0.005324799999999954
0.005324799999999954
0.005324799999999954
0
0
0
0
0.005324799999999989
0.0106325333333333
0.005324799999999979
0.005324799999999952
0.00532479999999999
0
0
0.0106325333333333
0
0.01063253333333334
0
0.005324799999999997
0.005324799999999997
0.005324799999999958
0
0.005324799999999952
0.01063253333333328
0.0106325333333333
0.005324799999999989
0.005324799999999989
0.01592319999999996
0.0106325333333333
0.01592320000000005
0.01063253333333331
0
0.005324799999999987
0.01063253333333338
0.005324799999999988
0
0.01063253333333322
0
0.005324799999999979
0.005324799999999965
0.005324799999999965
0.005324799999999986
0.01063253333333338
0
0
0
0.00532479999999996
0.01592319999999973
0.00532479999999997
0.01063253333333337
0.01063253333333337
0.02119680000000012
0.005324799999999989
0.005324799999999999
0.005324799999999999
0
0.005324799999999956
0.005324799999999956
0
0
0.005324799999999996
0.005324799999999996
0
0
0
0
0
0.005324799999999965
0
0.005324799999999973
0.01592319999999992
0.005324799999999983
0.005324799999999991
0.01063253333333332
0.01592320000000003
0
0.00532479999999999
0.0159231999999999
0.01592319999999995
0.02119680000000012
0.02119680000000014
0.01592319999999998
0.01592319999999976
0.0264533333333335
0.01063253333333321
0.01592319999999983
0.01063253333333316
0
0.005324799999999952
0.01063253333333315
0
0.01063253333333333
0
0.005324799999999974
0.005324799999999974
0
0
0
0
0.005324799999999976
0
0
0
0.005324799999999959
0.01063253333333334
0.01063253333333327
0.01063253333333326
0.01063253333333328
0.01063253333333335
0.005324799999999982
0.01063253333333327
0.005324799999999982
0.005324799999999982
0.005324799999999982
0.01063253333333341
0.005324799999999951
0.01063253333333331
0.01063253333333327
0.005324799999999978
0.005324799999999978
0
0.01063253333333332
0.005324799999999975
0.005324799999999975
0
0.005324799999999989
0.005324799999999956
0
0.005324799999999955
0
0.005324799999999959
0
0.005324799999999966
0.005324799999999966
0.005324799999999981
0.005324799999999983
0.01063253333333327
0.01063253333333324
0.005324799999999966
0
0.00532479999999998
0
0
0.005324799999999968
0.005324799999999968
0
0.0159232
0
0.005324799999999952
0.005324799999999949
0.01592320000000004
0.01063253333333333
0.01592320000000008
0.005324799999999999
0
0
0
0.01063253333333332
0.005324799999999996
0
0
0
0
0.005324799999999981
0
0.01063253333333332
0.005324799999999993
0.01063253333333342
0
0
0
0
0
0.0106325333333334
0.005324799999999952
0.01063253333333333
0.01592319999999993
0.02119680000000015
0.01592320000000003
0.02119680000000004
0.02119679999999999
0.01592320000000002
0.005324799999999998
0.005324799999999998
0.005324799999999989
0.0106325333333333
0
0
0
0.005324799999999992
0.005324799999999992
0.005324799999999974
0
0.01063253333333321
0
0.005324799999999962
0
0
0
0.005324799999999999
0
0
0.01063253333333332
0.01063253333333336
0.02119680000000013
0.005324799999999987
0.005324799999999987
0
0
0
0
0
0.005324799999999992
0
0
0.01063253333333323
0.005324799999999955
0.005324799999999989
0.00532479999999997
0.005324799999999974
0
0
0.01063253333333341
0.005324799999999993
0
0.005324799999999979
0.005324799999999979
0.01063253333333333
0.005324799999999952
0
0.005324799999999977
0.01063253333333325
0.01063253333333325
0.005324799999999975
0
0.005324799999999949
0.005324799999999956
0
0.005324799999999997
0
0.00532479999999995
0.005324799999999977
0
0
0
0.005324799999999998
0
0
0.00532479999999999
0.005324799999999986
0.0106325333333333
0
0.0106325333333334
0.01063253333333336
0.005324799999999989
0.005324799999999989
0.005324799999999989
0
0
0
0.005324799999999972
0.005324799999999983
0.005324799999999983
0.01063253333333338
0.005324799999999993
0
0.005324799999999994
0
0
0
0
0.005324799999999958
0
0
0.005324799999999965
0
0
0.005324799999999983
0.01063253333333328
0.0159232
0.005324799999999976
0.01592319999999986
0.02119680000000028
0.01063253333333327
0.01063253333333322
0
0.01063253333333323
0.005324799999999957
0.00532479999999996
0.005324799999999979
0.01063253333333334
0.005324799999999983
0
0
0.005324799999999968
0
0
0.005324799999999957
0
0.005324799999999982
0.005324799999999983
0
0
0
0
0.005324799999999961
0.005324799999999961
0
0.005324799999999977
0
0.005324799999999987
0.005324799999999987
0
0
0.01063253333333339
0.01592319999999992
0.01592319999999992
0
0.005324799999999952
0.005324799999999952
0.01592319999999959
0.01063253333333314
0.01063253333333334
0
0
0.005324799999999993
0.01063253333333334
0
0.01063253333333339
0.01063253333333335
0.01063253333333338
0
0.01063253333333338
0.01592319999999987
0.005324799999999957
0.005324799999999954
0.005324799999999954
0
0.01063253333333335
0.005324799999999987
0.005324799999999987
0.02119680000000019
0.01063253333333327
0.01592320000000006
0.01592319999999989
0
0.01063253333333322
0.02119680000000044
0
0.005324799999999963
0.005324799999999987
0
0.01592319999999984
0.00532479999999998
0.005324799999999959
0.005324799999999959
0.01592320000000015
0.01063253333333321
0.01063253333333321
0.005324799999999997
0.01063253333333336
0.01063253333333336
0.01063253333333333
0
0
0
0
0.005324799999999973
0
0.01063253333333334
0.01592319999999979
0.01592319999999999
0.01063253333333334
0.01063253333333334
0.01592319999999998
0.01063253333333336
0.005324799999999989
0.01592320000000003
0.01063253333333321
0.01063253333333321
0.005324799999999994
0.005324799999999994
0
0.01592320000000014
0.005324799999999954
0.01063253333333327
0.01592319999999986
0
0
0
0.005324799999999979
0
0.005324799999999998
0.01063253333333341
0.0106325333333332
0
0.005324799999999996
0.01592320000000015
0.01063253333333327
0.005324799999999979
0.005324799999999984
0
0
0
0
0
0
0.005324799999999973
0
0.01592320000000004
0.01063253333333339
0.00532479999999997
0.00532479999999997
0.01063253333333329
0
0
0.005324799999999976
0.005324799999999952
0
0
0
0
0
0
0
0
0
0.00532479999999996
0
0.0106325333333333
0.005324799999999951
0
0.00532479999999996
0
0.01063253333333325
0.005324799999999965
0.005324799999999995
0.01063253333333333
0
0
0
0
0
0
0
0
0.005324799999999951
0
0.00532479999999995
0.005324799999999967
0
0
0.01063253333333315
0.01592319999999991
0.01063253333333328
0.005324799999999975
0.005324799999999998
0
0.005324799999999988
0
0
0
0
0.005324799999999968
0.01592319999999973
0.01063253333333322
0.00532479999999997
0.02119680000000037
0.01063253333333328
0.01592319999999987
0.0106325333333333
0
0
0
0
0.005324799999999989
0
0.005324799999999979
0.005324799999999979
0.01063253333333335
0.01063253333333333
0.0106325333333333
0
0
0
0
0.005324799999999977
0
0
0
0
0
0
0.005324799999999986
0.01063253333333332
0.005324799999999995
0.01063253333333342
0.005324799999999995
0
0
0
0
0.01063253333333324
0
0.005324799999999952
0
0
0
0
0.005324799999999991
