0.8013824000000099
0.7626752000000017
0.6193479679999961
0.4370104320000029
0.2312110079999995
0.07007436800000066
0.01528627200000007
0.01528627199999978
0.005111807999999976
0
0
0
0
0
0
0.005111807999999997
0
0
0
0.01020723200000003
0.005111807999999986
0
0
0.01020723200000005
0
0
0
0
0
0
0
0
0
0
0.005111807999999979
0.005111807999999979
0
0
0
0
0
0
0
0
0
0
0
0
0.005111807999999963
0
0
0
0
0
0
0
0.01020723199999994
0.005111807999999983
0
0
0
0
0
0.005111807999999984
0.005111807999999984
0
0
0
0
0.01020723199999981
0
0
0
0
0
0
0
0
0
0
0
0
0
0
0
0
0
0
0
0
0
0
0
0
0
0.005111807999999995
0
0
0
0
0
0
0.005111807999999982
0.005111807999999982
0
0.005111807999999969
0.005111807999999969
0.005111807999999969
0.005111807999999969
0.005111807999999969
0
0
0
0
0
0
0
0.00511180799999999
0
0
0
0
0
0
0
0
0
0
0
0
0
0.005111807999999971
0.005111807999999971
0
0
0
0.005111807999999955
0.005111807999999955
0
0
0
0
0
0
0.005111807999999997
0.005111807999999997
0
0
0.005111807999999986
0
0
0
0
0
0
0
0
0
0
0
0
0
0
0
0
0
0
0
0.005111807999999954
0
0
0
0
0
0
0
0
0
0
0
0
0
0
0
0.005111807999999974
0.005111807999999974
0.01020723199999999
0.01020723199999999
0.005111807999999987
0.005111807999999987
0
0
0
0
0
0
0
0
0
0
0
0
0.005111807999999993
0
0
0.01020723200000006
0.005111807999999995
0.005111807999999995
0.005111807999999995
0
0
0
0
0
0
0
0
0
0.005111807999999969
0.005111807999999969
0
0
0
0
0
0
0
0
0.005111807999999967
0
0
0
0
0.005111807999999995
0
0
0
0
0
0
0
0
0
0
0
0
0
0
0
0
0
0
0
0
0
0
0
0
0
0
0
0
0
0
0
0
0
0
0
0
0
0
0
0
0
0
0
0
0
0
0
0
0
0
0
0
0.005111807999999991
0
0
0.005111807999999952
0.005111807999999952
0.005111807999999952
0
0
0
0
0
0
0
0
0
0.005111807999999959
0
0
0
0.005111807999999981
0.005111807999999981
0
0
0.005111807999999963
0
0
0
0
0
0
0
0
0
0
0
0
0
0
0
0
0
0.005111807999999982
0
0
0
0
0
0
0
0
0
0
0
0.005111807999999959
0
0
0
0
0
0.005111807999999982
0.005111807999999995
0.01020723200000005
0
0
0
0
0
0
0
0
0
0
0
0
0
0
0
0
0
0
0
0
0
0
0
0
0
0
0
0
0
0
0
0
0
0
0.005111807999999978
0
0
0.01020723199999988
0
0
0
0
0
0
0
0
0
0
0
0
0.005111807999999996
0
0
0
0
0
0
0
0
0
0
0
0
0
0
0
0.005111807999999964
0.005111807999999964
0
0.005111807999999984
0.005111807999999984
0
0
0.00511180799999998
0.00511180799999998
0.00511180799999998
0.00511180799999998
0
0
0
0
0.005111807999999981
0
0
0
0
0
0
0.01020723199999989
0.005111807999999969
0.005111807999999969
0
0.005111807999999988
0.005111807999999969
0.01020723199999989
0.005111807999999969
0.01020723199999994
0.005111807999999969
0.005111807999999969
0
0
0
0
0
0
0
0
0
0
0.005111807999999984
0
0
0
0
0
0
0
0
0.00511180799999997
0.00511180799999997
0
0.005111807999999995
0.005111807999999995
0.005111807999999995
0.005111807999999995
0.005111807999999995
0.005111807999999995
0
0
0
0
0
0
0
0
0
0
0
0
0
0
0
0
0
0
0
0
0
0
0
0.005111807999999993
0
0
0
0
0
0
0
0
0
0
0
0
0
0
0
0
0
0
0.01020723199999988
0.005111807999999969
0.005111807999999969
0.005111807999999952
0.005111807999999952
0.005111807999999952
0
0
0
0
0
0
0
0
0
0
0
0
0
0
0
0
0
0
0
0
0
0
0
0
0.005111807999999953
0.005111807999999953
0
0
0
0
0
0
0
0
0.005111807999999962
0.005111807999999962
0
0
0
0
0
0
0
0
0
0
0
0
0
0.005111807999999959
0.01020723199999985
0
0
0
0
0
0
0
0
0
0
0
0
0
0
0
0
0
0
0
0
0
0
0.01528627200000003
0.005111807999999999
0
0
0
0
0
0.005111807999999984
0.005111807999999984
0.005111807999999963
0
0.005111807999999957
0.005111807999999963
0.005111807999999963
0.01020723199999989
0
0
0
0
0
0
0
0
0
0
0
0
0
0
0
0
0.005111807999999988
0.005111807999999988
0.005111807999999988
0
0.005111807999999982
0
0
0
0
0
0
0
0
0
0
0
0
0
0
0.005111807999999968
0
0
0
0
0
0
0
0
0
0
0
0
0
0
0
0.005111807999999989
0.01020723200000008
0
0
0.00511180799999999
0.00511180799999999
0
0
0
0
0.005111807999999973
0
0
0
0
0
0
0
0
0
0
0
0
0
0.005111807999999989
0
0
0
0
0
0
0
0
0
0
0
0
0
0
0
0
0
0
0
0
0
0
0
0
0
0
0
0.005111807999999997
0
0.005111807999999959
0.005111807999999959
0.005111807999999959
0.00511180799999999
0.005111807999999996
0.005111807999999996
0
0
0.005111807999999959
0
0
0
0
0
0.005111807999999965
0.005111807999999965
0
0
0.01528627199999978
0.01020723199999992
0
0.005111807999999964
0.005111807999999983
0
0
0
0
0
0
0
0
0
0.00511180799999998
0.00511180799999998
0
0
0
0
0
0
0
0.005111807999999956
0
0
0
0
0
0
0
0
0
0
0
0
0
0.005111807999999997
0.005111807999999997
0.005111807999999968
0
0
0
0
0
0
0
0
0
0
0
0
0
0
0.005111807999999995
0
0
0
0
0
0
0
0
0
0
0
0
0
0
0
0
0
0.005111807999999953
0.005111807999999953
0
0
0
0
0
0
0
0
0
0
0
0
0
0
0
0
0
0
0
0.005111807999999983
0
0.005111807999999993
0.005111807999999993
0.005111807999999993
0
0.005111807999999954
0.005111807999999954
0
0
0
0
0
0
0
0
0
0
0
0
0
0
0
0.005111807999999958
0
0
0
0
0
0.01020723199999997
0
0
0
0.005111807999999963
0.005111807999999963
0.005111807999999974
0.005111807999999974
0.005111807999999974
0
0
0
0
0
0
0
0
0
0
0
0
0
0
0
0
0
0
0
0
0
0.005111807999999986
0
0
0
0
0
0.005111807999999956
0.01020723200000013
0.005111807999999964
0
0
0
0
0
0
0
0
0.005111807999999978
0
0
0
0
0
0
0
0
0
0
0
0
0
0
0
0
0
0
0
0
0
0
0
0.005111807999999952
0.005111807999999952
0.005111807999999952
0.005111807999999952
0
0
0
0
0
0
0
0
0
0
0
0
0
0
0
0
0
0
0
0
0
0
0
0
0
0
0.005111807999999982
0
0
0.005111807999999961
0
0
0
0
0
0
0
0
0
0
0
0
0
0
0
0
0.005111807999999959
0.00511180799999999
0
0
0
0
0.005111807999999993
0
0
0
0
0
0
0
0
0
0
0.005111807999999968
0
0.005111807999999984
0.005111807999999984
0.01020723199999998
0.005111807999999984
0.005111807999999984
0
0
0
0
0
0
0
0
0
0
0
0
0
0
0
0
0
0.005111807999999951
0
0
0
0.005111807999999952
0
0
0
0
0
0
0
0
0
0
0
0
0
0
0
0
0
0
0
0.005111807999999976
0
0
0
0
0.01020723200000003
0.01020723200000001
0.005111807999999977
0
0
0
0
0
0
0
0
0
0
0
0
0
0
0
0.005111807999999989
0
0
0
0
0
0
0
0
0
0
0
0.005111807999999955
0.005111807999999956
0.005111807999999956
0.01020723200000003
0.005111807999999956
0
0.005111807999999991
0
0
0
0
0
0
0
0
0
0
0
0
0
0
0
0
0
0
0
0
0
0
0
0
0
0
0
0
0
0
0
0
0
0
0
0
0
0
0
0
0
0
0
0
0
0
0
0
0.005111807999999987
0
0
0
0
0
0
0.00511180799999998
0
0
0
0
0
0
0.005111807999999962
0.005111807999999962
0.005111807999999962
0
0
0
0
0
0
0
0
0.005111807999999966
0
0
0
0
0
0
0
0.005111807999999997
0
0
0
0
0
0
0
0
0
0
0
0.005111807999999976
0.01020723199999996
0
0
0
0
0
0
0
0
0.005111807999999959
0.010207232
0
0
0.005111807999999974
0.005111807999999974
0
0
0
0
0
0
0
0
0
0
0
0
0
0
0
0
0
0
0
0
0
0
0
0
0
0
0
0
0
0
0
0.005111807999999989
0
0
0
0
0
0
0
0
0
0
0
0
0
0
0
0.005111807999999958
0.005111807999999958
0.00511180799999998
0
0
0
0
0
0.005111807999999956
0
0
0
0
0
0.005111807999999959
0.0152862719999998
0.01020723199999997
0.005111807999999969
0
0
0
0
0
0
0
0
0
0
0
0
0
0
0
0.005111807999999986
0
0.005111807999999969
0
0
0
0
0.005111807999999987
0.005111807999999987
0.005111807999999954
0
0.005111807999999952
0
0
0
0
0
0
0
0.00511180799999999
0.00511180799999999
0
0
0
0
0
0
0
0.005111807999999953
0.005111807999999953
0.005111807999999958
0.005111807999999958
0.005111807999999958
0
0
0
0
0.005111807999999961
0
0
0
0
0.00511180799999999
0.00511180799999999
0
0.005111807999999956
0
0.005111807999999975
0
0
0
0
0
0
0
0
0
0
0
0
0
0.01020723199999995
0.005111807999999953
0.005111807999999953
0.005111807999999953
0
0
0
0
0
0
0
0
0.005111807999999975
0.005111807999999975
0.01020723199999999
0.01020723199999999
0.01020723199999999
0.00511180799999996
0
0.005111807999999973
0
0
0
0.005111807999999993
0.005111807999999993
0
0
0.005111807999999962
0
0
0
0
0
0
0
0.005111807999999952
0.005111807999999952
0.005111807999999952
0.01020723200000011
0.01020723199999999
0.01020723199999999
0.01528627199999978
0
0
0
0
0
0
0
0
0
0
0.005111807999999998
0.01020723200000004
0.01020723200000004
0
0
0
0
0
0
0
0
0
0
0
0
0
0
0
0
0.005111807999999989
0
0.005111807999999995
0
0
0
0
0
0.005111807999999974
0
0
0
0
0
0
0
0
0
0
0
0
0
0
0
0
0
0
0
0
0
0
0
0.005111807999999956
0.005111807999999956
0
0.005111807999999964
0.005111807999999964
0
0
0
0
0
0
0
0.005111807999999988
0
0
0
0
0.005111807999999989
0.005111807999999989
0.005111807999999989
0
0
0
0
0
0.005111807999999972
0
0
0
0
0
0.005111807999999994
0
0
0
0
0
0
0
0.005111807999999987
0
0
0
0
0
0
0.005111807999999987
0
0
0
0.005111807999999965
0
0
0
0
0
0
0
0
0
0
0
0
0
0
0
0
0.005111807999999966
0.005111807999999966
0.005111807999999966
0.01528627199999968
0.005111807999999966
0.005111807999999966
0
0.005111807999999976
0
0
0
0
0
0
0.005111807999999972
0
0
0
0
0
0.00511180799999998
0.00511180799999998
0.00511180799999998
0.00511180799999998
0
0
0
0
0
0
0
0
0
0
0
0
0
0.005111807999999963
0
0
0
0
0.01020723200000007
0
0
0
0.005111807999999955
0
0.005111807999999983
0
0
0
0
0
0
0
0
0
0
0
0.005111807999999983
0.00511180799999996
0
0
0
0
0.00511180799999998
0
0
0.005111807999999975
0.01020723199999994
0
0
0
0.005111807999999987
0.005111807999999987
0
0.005111807999999961
0.005111807999999971
0
0
0
0
0
0
0
0
0
0
0
0
0
0
0
0
0
0.005111807999999987
0
0
0
0.005111807999999954
0
0
0
0
0.005111807999999958
0.005111807999999958
0
0
0
0
0
0
0
0
0
0
0
0
0
0
0
0
0
0.005111807999999955
0.005111807999999955
0
0
0
0
0
0
0
0
0
0
0
0
0
0
0
0
0
0
0
0
0
0
0
0
0.005111807999999963
0.005111807999999963
0.005111807999999963
0.005111807999999963
0.005111807999999963
0.005111807999999963
0
0.005111807999999969
0
0
0.00511180799999999
0.00511180799999999
0.00511180799999999
0.01020723199999998
0.01020723199999998
0
0
0
0
0
0
0
0
0
0
0
0
0
0.005111807999999952
0.005111807999999952
0.01020723200000015
0.005111807999999999
0
0.005111807999999956
0
0
0
0
0
0
0
0.01020723199999987
0
0
0
0
0.00511180799999999
0.00511180799999999
0.00511180799999999
0
0
0
0
0.005111807999999974
0.005111807999999974
0.005111807999999974
0.005111807999999974
0
0
0.005111807999999992
0.005111807999999992
0
0
0
0.005111807999999989
0.005111807999999989
0
0.005111807999999971
0
0
0
0.005111807999999985
0
0
0
0
0
0
0.005111807999999995
0
0
0
0
0
0
0
0
0
0
0
0
0
0
0
0
0
0
0.005111807999999987
0
0
0
0
0
0
0
0
0
0
0
0
0
0.005111807999999955
0
0
0
0
0
0.005111807999999956
0.01020723199999984
0
0
0
0
0
0
0
0
0
0.005111807999999988
0
0
0
0
0
0
0
0.005111807999999969
0
0
0
0
0
0
0
0
0
0
0
0
0
0.005111807999999987
0
0
0
0
0
0
0
0.005111807999999999
0.005111807999999999
0
0
0
0
0
0
0
0
0
0
0.01020723200000004
0.005111807999999983
0
0
0
0
0
0
0
0
0
0
0.005111807999999968
0
0
0
0
0
0
0
0
0
0
0
0
0
0
0
0
0
0
0
0
0
0
0
0
0
0
0
0
0
0
0
0
0.005111807999999987
0
0
0
0
0
0
0
0
0
0
0
0
0
0
0.005111807999999995
0
0
0
0.005111807999999982
0.005111807999999982
0
0
0
0
0
0
0
0
0
0
0
0
0
0
0
0.005111807999999982
0.005111807999999982
0.005111807999999982
0
0
0
0
0
0
0
0
0
0
0
0
0
0.00511180799999997
0.00511180799999997
0
0
0
0.005111807999999956
0
0
0
0.005111807999999999
0
0
0.005111807999999984
0
0
0
0
0
0
0
0
0
0
0
0.005111807999999972
0
0
0
0
0
0
0
0
0
0
0
0
0
0
0
0
0
0
0
0
0
0
0
0.01020723199999995
0
0
0
0
0
0
0
0.005111807999999994
0
0
0.005111807999999959
0
0
0
0
0
0
0
0
0
0.01020723200000005
0.005111807999999997
0.005111807999999997
0.005111807999999997
0
0.005111807999999967
0.005111807999999967
0.005111807999999967
0.005111807999999967
0
0
0
0
0
0
0
0
0
0
0
0
0.005111807999999952
0
0
0.005111807999999963
0.005111807999999963
0.005111807999999961
0
0
0
0
0
0
0.01020723200000001
0.005111807999999989
0
0.005111807999999984
0
0
0
0
0
0
0
0
0
0
0
0
0
0
0
0
0
0
0
0
0
0
0
0
0
0
0
0
0
0
0.01528627199999996
0
0
0
0
0
0
0
0
0
0
0
0
0
0
0
0
0
0
0
0
0
0
0
0.01528627200000014
0.005111807999999956
0
0
0
0.005111807999999983
0
0
0
0
0
0
0
0
0
0
0
0
0
0.005111807999999956
0
0
0.005111807999999965
0.005111807999999965
0.005111807999999983
0
0
0
0
0
0
0
0
0
0
0
0
0
0
0
0
0
0
0
0
0
0
0
0
0
0
0
0.00511180799999997
0
0
0
0
0
0.005111807999999977
0
0.005111807999999983
0
0
0
0
0
0
0
0
0
0
0.005111807999999987
0.005111807999999987
0.005111807999999987
0
0
0.00511180799999998
0
0
0
0
0
0
0
0
0
0
0
0
0.005111807999999963
0
0
0
0
0
0
0.00511180799999997
0.00511180799999997
0.00511180799999997
0
0
0
0
0
0.00511180799999996
0
0
0
0
0
0
0
0
0
0
0
0
0.005111807999999983
0
0
0.005111807999999983
0
0.005111807999999998
0
0
0
0
0
0
0
0
0
0
0
0.005111807999999969
0
0.005111807999999962
0
0
0.005111807999999977
0
0
0
0
0
0
0
0
0
0
0
0
0
0
0
0
0.005111807999999972
0.005111807999999972
0
0.005111807999999969
0.005111807999999969
0
0
0
0
0
0
0.00511180799999997
0
0
0
0.005111807999999976
0.005111807999999976
0
0
0
0.005111807999999983
0
0.005111807999999976
0
0
0
0.005111807999999987
0.005111807999999987
0.005111807999999963
0.005111807999999963
0
0.005111807999999999
0.01020723200000011
0.005111807999999999
0
0
0
0
0
0
0
0
0
0
0
0
0
0
0
0
0.00511180799999997
0
0
0
0.005111807999999968
0.005111807999999987
0
0
0
0
0
0
0.005111807999999978
0.005111807999999978
0
0.00511180799999999
0
0
0
0
0
0
0
0
0.005111807999999987
0
0
0
0
0
0
0
0
0
0
0
0
0
0
0
0
0
0
0
0
0
0
0.005111807999999966
0.005111807999999966
0.005111807999999958
0
0
0
0
0
0.01020723199999998
0.01020723199999998
0
0.005111807999999994
0
0
0
0
0
0
0
0.005111807999999964
0
0
0
0
0.005111807999999983
0
0
0
0
0
0
0.005111807999999982
0.005111807999999982
0.005111807999999982
0
0.005111807999999956
0.005111807999999956
0
0
0
0
0
0
0
0
0
0
0
0
0
0.005111807999999953
0
0.00511180799999997
0.00511180799999997
0
0
0.005111807999999989
0.005111807999999994
0.01528627199999999
0.005111807999999994
0
0
0.005111807999999961
0.005111807999999961
0.005111807999999961
0
0
0.005111807999999954
0
0
0
0
0
0.005111807999999968
0
0
0
0
0
0.005111807999999991
0.005111807999999991
0.005111807999999952
0
0
0.005111807999999961
0
0
0
0
0
0
0
0
0
0
0
0
0
0.005111807999999986
0.005111807999999972
0
0
0
0
0
0
0
0
0
0
0
0
0
0
0
0
0
0
0.005111807999999989
0
0
0.005111807999999977
0.005111807999999977
0.005111807999999977
0
0
0.005111807999999994
0
0
0.005111807999999988
0
0
0.005111807999999955
0.005111807999999955
0.005111807999999955
0
0
0
0
0
0.00511180799999998
0
0
0.005111807999999981
0
0.005111807999999982
0
0
0
0
0.005111807999999961
0
0.005111807999999997
0
0
0.00511180799999998
0
0
0
0
0
0.005111807999999976
0
0
0
0.005111807999999974
0.005111807999999974
0
0
0
0
0
0
0
0
0
0
0
0
0.005111807999999972
0
0
0.005111807999999976
0.005111807999999976
0
0
0
0
0
0
0
0
0
0
0
0
0
0
0
0.005111807999999966
0.005111807999999966
0
0
0
0
0
0
0
0
0.005111807999999963
0.005111807999999963
0
0
0
0
0
0
0
0.005111807999999994
0.005111807999999994
0.01528627200000001
0.01020723199999999
0
0
0
0.005111807999999972
0.005111807999999972
0
0
0.005111807999999963
0.005111807999999963
0
0
0
0.005111807999999984
0.005111807999999969
0
0
0
0
0
0.005111807999999955
0
0
0
0
0
0
0
0
0
0
0
0
0
0
0
0
0
0
0
0
0
0.01020723199999996
0
0
0
0
0
0
0
0
0
0
0
0
0
0
0
0
0
0
0
0.01020723199999992
0.01020723199999992
0.01020723199999998
0
0
0
0
0
0
0
0.010207232
0.010207232
0.010207232
0.005111807999999968
0.005111807999999968
0
0
0
0
0
0
0
0
0.005111807999999976
0.01020723199999993
0.01020723199999993
0
0
0
0
0
0
0
0
0
0
0
0
0.005111807999999977
0
0
0
0
0
0
0
0
0
0
0
0
0.005111807999999989
0.005111807999999989
0
0.005111807999999999
0.005111807999999998
0
0
0
0.005111807999999974
0.005111807999999974
0
0
0
0
0
0
0
0
0
0.005111807999999968
0
0
0
0
0
0
0
0
0
0
0
0
0.005111807999999978
0
0
0
0
0
0
0
0
0
0
0.005111807999999973
0
0
0
0
0
0.005111807999999969
0
0
0
0
0
0
0
0
0
0
0
0.005111807999999968
0
0
0
0
0
0
0
0.005111807999999969
0
0
0
0
0.005111807999999952
0.005111807999999952
0
0
0
0.005111807999999958
0.005111807999999962
0
0
0
0
0
0
0
0
0.005111807999999971
0
0
0
0
0
0
0
0
0
0
0
0
0.005111807999999956
0.005111807999999956
0
0
0
0
0
0
0
0
0
0
0
0
0
0.005111807999999974
0
0
0
0
0
0
0
0
0
0
0
0
0
0
0
0
0
0
0
0
0
0
0
0
0
0
0
0
0
0
0.005111807999999983
0.005111807999999983
0
0
0
0
0
0.005111807999999977
0
0
0
0
0
0
0
0
0
0
0
0
0
0
0
0
0
0
0
0
0
0
0
0
0
0
0
0
0
0
0
0
0.005111807999999962
0
0
0
0
0
0
0
0
0
0
0
0
0
0
0
0
0
0
0
0.005111807999999961
0.005111807999999961
0
0
0
0
0
0
0
0
0
0.005111807999999987
0
0.005111807999999966
0.01020723199999988
0.005111807999999955
0.005111807999999955
0
0
0
0
0
0
0
0
0
0
0.005111807999999987
0
0
0
0
0
0
0.005111807999999982
0.005111807999999995
0
0
0
0
0
0
0
0
0
0
0
0.005111807999999999
0
0
0
0
0
0
0.01020723200000011
0.005111807999999963
0.005111807999999963
0.005111807999999963
0
0
0
0
0.005111807999999972
0
0
0
0
0
0
0.005111807999999966
0
0
0.005111807999999994
0
0.005111807999999992
0
0
0
0.005111807999999976
0
0
0
0
0
0
0
0
0
0
0
0
0
0
0
0
0.005111807999999989
0
0
0
0.005111807999999993
0.01020723199999989
0.005111807999999963
0
0
0.005111807999999957
0
0
0
0
0.005111807999999969
0.005111807999999983
0
0
0
0
0
0
0
0.005111807999999963
0
0
0.01020723200000003
0.005111807999999998
0.005111807999999998
0.005111807999999998
0
0
0
0
0
0
0
0
0
0.005111807999999968
0
0
0
0
0.005111807999999991
0
0
0
0.005111807999999976
0
0
0
0
0
0
0
0
0
0
0
0
0
0
0
0
0
0
0
0
0
0
0
0
0
0
0
0
0.005111807999999979
0.005111807999999979
0
0
0
0
0
0
0
0
0
0
0
0
0
0
0
0
0
0
0
0
0.005111807999999984
0
0
0
0
0
0
0
0
0
0
0.005111807999999956
0
0.005111807999999976
0.005111807999999976
0
0
0
0
0
0.00511180799999997
0
0
0.005111807999999994
0
0
0
0
0.00511180799999998
0.00511180799999998
0
0
0
0
0
0
0.005111807999999986
0
0
0.005111807999999963
0.005111807999999963
0.005111807999999963
0.01020723200000004
0.005111807999999989
0.01020723200000002
0.01020723200000002
0.005111807999999989
0
0
0
0
0
0
0
0
0
0
0
0.005111807999999983
0.005111807999999983
0
0
0
0.005111807999999955
0.01020723200000008
0
0.00511180799999998
0.00511180799999998
0
0
0
0
0.005111807999999963
0.005111807999999963
0.00511180799999998
0.00511180799999998
0
0
0
0
0
0
0
0
0.005111807999999998
0
0.005111807999999952
0
0
0.00511180799999998
0.00511180799999998
0
0
0
0
0
0
0
0
0
0
0
0
0.005111807999999961
0.005111807999999961
0
0
0
0
0
0
0
0
0
0
0
0
0
0
0
0
0
0.005111807999999957
0
0
0
0
0
0
0
0
0
0
0.005111807999999988
0
0
0
0
0
0
0
0
0
0
0
0.005111807999999987
0.005111807999999987
0.005111807999999987
0.005111807999999988
0.005111807999999952
0
0
0
0
0
0
0
0
0
0
0
0
0.01020723200000003
0.01020723200000003
0.005111807999999992
0
0.005111807999999997
0.005111807999999958
0.005111807999999958
0.005111807999999958
0
0
0
0
0
0
0
0
0
0
0
0
0
0
0
0
0
0
0
0
0
0
0
0
0
0.00511180799999999
0
0
0.005111807999999993
0
0
0.005111807999999958
0.005111807999999958
0.005111807999999958
0
0.01020723199999984
0
0.005111807999999983
0
0
0
0
0
0
0
0
0
0
0
0
0
0.005111807999999968
0.005111807999999968
0
0
0
0
0
0
0
0
0.00511180799999998
0
0.005111807999999952
0
0
0
0
0.005111807999999973
0
0
0.005111807999999955
0.005111807999999955
0
0
0
0
0
0
0
0
0
0
0
0
0.005111807999999982
0
0.005111807999999959
0.005111807999999959
0.01020723199999992
0.005111807999999959
0.005111807999999959
0
0
0
0
0
0
0
0
0
0
0
0
0
0
0
0
0
0
0
0.005111807999999989
0.005111807999999989
0
0
0
0
0
0
0
0
0
0
0
0
0.005111807999999973
0
0
0.005111807999999959
0
0.005111807999999993
0
0
0.005111807999999954
0
0
0
0
0
0
0.005111807999999976
0
0
0
0.005111807999999956
0
0
0
0
0
0
0
0
0
0
0
0
0
0
0
0.005111807999999991
0
0
0
0
0
0
0
0
0
0
0
0.005111807999999996
0
0
0
0
0
0
0
0
0
0
0
0
0
0
0
0
0
0
0
0
0
0
0
0
0
0
0
0
0
0
0
0.005111807999999957
0
0
0
0
0
0
0
0
0
0
0.005111807999999968
0.005111807999999972
0
0
0.005111807999999973
0.005111807999999955
0
0
0
0
0
0
0
0.005111807999999978
0
0.005111807999999983
0
0
0
0
0
0
0.005111807999999959
0
0.005111807999999976
0
0
0
0
0
0
0
0
0
0
0
0
0
0
0
0
0
0
0
0
0
0
0
0
0
0
0
0
0
0
0.005111807999999993
0
0
0
0.005111807999999965
0
0.005111807999999969
0
0
0
0.005111807999999964
0
0
0
0.005111807999999973
0
0
0
0
0
0
0
0
0
0
0
0
0
0
0.005111807999999959
0.005111807999999959
0.005111807999999959
0.005111807999999959
0.005111807999999959
0
0.005111807999999998
0
0
0.005111807999999995
0
0
0
0
0
0
0
0
0
0
0
0.005111807999999993
0.01020723200000002
0
0
0.005111807999999989
0.005111807999999989
0.005111807999999993
0
0
0
0
0.005111807999999997
0.005111807999999997
0
0.005111807999999961
0
0
0
0.005111807999999967
0
0
0
0
0
0
0
0
0
0
0
0.00511180799999999
0
0
0
0
0.005111807999999955
0
0
0
0.005111807999999963
0
0
0
0
0
0
0
0
0
0
0
0
0
0
0
0
0
0
0
0.005111807999999969
0.005111807999999969
0
0.005111807999999998
0.005111807999999998
0
0
0.00511180799999998
0
0
0
0
0
0
0.005111807999999995
0.005111807999999995
0
0
0.005111807999999958
0.005111807999999958
0.005111807999999988
0
0
0
0
0
0
0
0
0
0
0
0.005111807999999969
0.005111807999999969
0.005111807999999969
0.005111807999999969
0
0
0
0
0
0
0
0
0
0.005111807999999954
0
0
0
0
0
0
0
0
0
0
0.005111807999999981
0.005111807999999981
0
0
0
0
0
0
0
0
0
0.005111807999999974
0.005111807999999974
0
0
0.005111807999999956
0
0
0
0
0
0
0.005111807999999965
0
0.005111807999999982
0
0
0
0
0
0
0.005111807999999992
0.005111807999999992
0.005111807999999992
0.01020723200000005
0.005111807999999968
0.005111807999999968
0
0
0
0
0
0
0
0.005111807999999973
0
0.01020723199999993
0.005111807999999976
0
0
0
0
0.005111807999999996
0.01020723200000007
0
0
0.005111807999999957
0.005111807999999957
0
0
0
0.00511180799999998
0.01020723199999998
0.01020723199999986
0.005111807999999961
0
0
0
0
0
0.005111807999999955
0
0
0
0
0
0.005111807999999969
0
0
0
0
0
0
0.005111807999999956
0
0
0
0.005111807999999952
0.01020723200000011
0.005111807999999952
0
0
0.005111807999999993
0.005111807999999993
0.005111807999999993
0
0.005111807999999956
0
0
0.005111807999999963
0.01020723200000009
0
0
0
0.005111807999999958
0
0
0.005111807999999952
0
0
0
0
0
0
0
0
0.005111807999999983
0.01020723199999998
0.01020723199999988
0.005111807999999968
0
0
0.005111807999999951
0
0
0
0.005111807999999987
0
0
0
0.005111807999999983
0
0
0
0
0.005111807999999986
0.005111807999999986
0.005111807999999986
0.005111807999999986
0.005111807999999986
0.005111807999999986
0.005111807999999986
0
0
0
0
0
0
0
0
0
0
0
0
0
0.005111807999999974
0
0
0
0
0
0
0
0.005111807999999979
0.00511180799999998
0
0
0
0
0
0
0
0
0
0
0
0
0
0
0
0
0.005111807999999958
0
0
0
0.00511180799999998
0
0
0
0
0
0
0
0
0
0
0
0
0
0
0
0
0.005111807999999971
0.005111807999999971
0
0.005111807999999987
0.005111807999999987
0
0
0
0
0
0.005111807999999996
0
0.005111807999999971
0
0
0
0
0
0.005111807999999965
0.005111807999999965
0.01020723199999987
0
0
0
0
0
0
0
0
0
0
0
0
0
0
0
0
0.00511180799999997
0
0.005111807999999987
0
0
0
0.005111807999999998
0.005111807999999998
0.005111807999999998
0.005111807999999998
0
0
0
0
0
0
0.00511180799999998
0
0
0
0
0
0
0
0
0
0
0
0
0
0
0
0.005111807999999967
0
0
0
0
0
0.005111807999999968
0.01020723200000005
0.005111807999999968
0
0
0
0
0
0
0
0
0
0
0
0
0
0
0.00511180799999996
0
0
0
0
0
0.005111807999999992
0
0
0
0
0
0.005111807999999955
0.005111807999999955
0.005111807999999955
0
0
0
0
0
0.005111807999999971
0.005111807999999971
0
0
0
0
0.005111807999999996
0.005111807999999996
0
0.005111807999999976
0
0
0
0
0
0
0.005111807999999971
0
0
0.01020723199999984
0
0.005111807999999976
0.005111807999999976
0
0
0.005111807999999994
0.005111807999999991
0
0
0
0
0
0
0
0
0
0
0
0
0
0
0
0
0
0
0
0
0
0.005111807999999952
0.00511180799999998
0.00511180799999998
0.00511180799999998
0.01020723200000001
0
0
0
0
0
0
0
0
0
0
0
0
0
0
0
0
0
0
0.005111807999999961
0
0
0
0
0.00511180799999997
0
0
0
0
0
0
0
0
0
0
0.005111807999999966
0.005111807999999966
0
0
0
0
0
0
0
0
0
0
0.005111807999999966
0
0
0
0
0.01020723200000007
0.005111807999999997
0
0
0
0
0
0
0.005111807999999967
0
0
0.005111807999999993
0
0.005111807999999968
0
0
0.005111807999999969
0
0
0
0.005111807999999977
0.005111807999999977
0
0
0.005111807999999979
0
0
0
0
0
0
0
0
0
0
0
0
0
0
0
0
0
0
0
0.00511180799999998
0
0
0
0
0
0.005111807999999952
0
0
0
0
0
0
0
0
0
0
0.005111807999999987
0
0
0
0.00511180799999997
0
0
0
0
0
0
0
0
0
0
0
0
0
0.005111807999999961
0
0.005111807999999995
0.005111807999999995
0.005111807999999995
0.005111807999999995
0.005111807999999995
0
0
0
0
0
0
0
0
0
0
0.005111807999999962
0
0
0
0
0.005111807999999971
0.005111807999999971
0
0
0
0
0
0
0
0
0
0
0
0
0
0
0
0
0
0
0
0
0
0.00511180799999997
0.00511180799999997
0
0
0
0
0
0
0.00511180799999998
0
0
0
0
0
0
0
0
0
0
0
0
0
0
0.005111807999999968
0
0
0
0
0
0
0
0
0
0.005111807999999994
0
0
0
0
0
0
0.005111807999999987
0
0
0
0
0
0
0
0
0
0
0.005111807999999988
0.01020723200000004
0.01528627199999994
0.005111807999999988
0.01020723200000004
0.005111807999999988
0
0
0
0
0
0
0
0
0
0
0
0
0
0
0
0
0
0
0
0
0
0
0
0
0
0
0
0
0
0
0.005111807999999971
0
0.005111807999999953
0.005111807999999953
0.005111807999999953
0.005111807999999953
0.01020723199999983
0.005111807999999953
0
0
0.005111807999999993
0
0
0
0
0
0
0.005111807999999951
0
0
0
0
0
0
0
0
0
0
0
0
0
0
0
0
0
0
0
0
0
0.00511180799999999
0
0.015286272
0.005111807999999985
0
0
0
0
0
0
0
0
0
0
0
0
0
0
0
0
0
0
0
0.005111807999999969
0
0
0
0
0
0
0
0.005111807999999952
0.005111807999999952
0
0
0
0
0.005111807999999985
0
0.005111807999999976
0.005111807999999976
0
0
0
0
0
0.005111807999999956
0.01020723200000003
0.005111807999999956
0.01020723199999986
0.005111807999999961
0.005111807999999961
0
0
0
0
0
0
0
0
0.005111807999999985
0
0
0
0
0
0
0
0
0.005111807999999955
0.005111807999999955
0
0
0.00511180799999996
0.005111807999999968
0
0
0
0
0
0
0.005111807999999961
0
0
0
0
0
0.005111807999999983
0
0
0
0
0
0
0
0
0
0
0
0
0
0
0
0
0
0
0
0
0
0
0.005111807999999958
0
0
0
0
0.005111807999999989
0
0.005111807999999974
0
0
0
0
0
0
0
0
0.005111807999999993
0
0
0.005111807999999976
0.005111807999999976
0.005111807999999976
0.005111807999999995
0.005111807999999963
0
0
0
0
0
0
0
0.00511180799999999
0.00511180799999999
0.00511180799999999
0
0
0
0
0
0
0
0
0
0
0
0
0
0
0
0
0
0
0
0
0
0.005111807999999955
0
0.005111807999999961
0.005111807999999961
0
0.005111807999999973
0.005111807999999973
0
0
0
0.005111807999999962
0.010207232
0.005111807999999993
0.005111807999999993
0.005111807999999993
0
0
0
0.005111807999999966
0
0
0
0
0
0
0
0
0.005111807999999952
0.005111807999999952
0
0.005111807999999989
0.01020723199999998
0.005111807999999982
0
0
0
0
0
0
0
0
0
0
0
0
0
0
0
0
0
0
0
0
0
0
0
0
0
0
0
0.0102072319999999
0
0
0
0.005111807999999987
0
0
0
0
0
0
0
0
0
0
0
0
0
0.005111807999999978
0
0
0
0
0
0
0
0
0
0
0
0
0
0
0
0
0
0.005111807999999996
0.005111807999999976
0
0
0
0
0
0
0
0
0
0
0
0
0
0.005111807999999956
0
0
0
0
0
0
0
0
0
0
0
0
0.005111807999999976
0.005111807999999976
0
0
0
0
0
0
0
0
0
0
0
0
0
0
0
0
0.005111807999999952
0
0
0
0
0
0
0
0
0
0
0.0102072319999999
0.005111807999999958
0.005111807999999958
0
0
0
0
0
0
0
0
0
0.005111807999999976
0
0
0
0.00511180799999998
0.01020723199999999
0
0
0.005111807999999989
0
0
0
0
0
0
0
0
0
0
0
0
0
0
0
0
0.005111807999999995
0.005111807999999995
0
0
0
0
0
0
0
0
0
0
0
0
0.005111807999999984
0
0.005111807999999961
0.01020723199999986
0.005111807999999963
0
0
0
0
0.005111807999999968
0.005111807999999968
0.01020723200000005
0.005111807999999992
0
0
0
0
0.005111807999999953
0
0
0
0
0
0
0
0
0.005111807999999987
0
0
0
0
0
0
0.005111807999999976
0.01020723199999994
0.005111807999999976
0.01020723199999991
0
0.00511180799999999
0.00511180799999999
0
0
0.005111807999999995
0.005111807999999995
0
0
0
0
0.005111807999999956
0.005111807999999956
0.005111807999999956
0
0
0.005111807999999996
0
0.00511180799999997
0
0
0
0
0
0
0
0
0
0
0.005111807999999963
0.005111807999999975
0
0
0
0
0
0.005111807999999973
0
0
0
0
0
0
0
0
0
0
0.005111807999999963
0
0
0
0
0
0
0
0
0
0
0
0
0
0
0.005111807999999965
0.005111807999999965
0
0
0
0
0
0
0
0
0
0
0
0
0
0.005111807999999987
0
0
0
0
0
0
0
0
0
0
0
0.01020723200000006
0.01020723200000001
0.005111807999999976
0
0
0
0
0
0
0.005111807999999956
0
0
0
0.005111807999999962
0
0
0
0
0
0.005111807999999965
0
0.005111807999999976
0
0
0
0
0.00511180799999996
0
0
0
0
0.005111807999999974
0.005111807999999974
0
0
0
0
0
0
0
0
0
0
0
0
0
0
0
0
0
0
0
0
0
0.005111807999999981
0
0
0
0
0
0.01020723199999989
0
0
0
0
0
0
0
0
0
0.005111807999999995
0
0
0
0.005111807999999989
0
0
0
0
0
0
0
0
0
0
0
0
0
0
0
0
0
0
0
0
0
0
0
0
0
0
0
0
0
0
0.005111807999999956
0
0
0
0
0
0
0
0.005111807999999961
0
0
0
0
0
0
0
0
0
0
0
0
0
0
0
0
0
0
0
0
0
0
0
0
0
0
0
0
0.005111807999999988
0
0
0
0
0
0
0
0.005111807999999987
0.005111807999999987
0.005111807999999987
0.01020723200000005
0.005111807999999987
0
0
0
0
0
0
0
0
0
0
0.005111807999999956
0.005111807999999956
0.005111807999999966
0.02539520000000012
0.005111807999999975
0.01528627200000005
0.0102072319999999
0.01020723199999998
0
0.005111807999999987
0.005111807999999976
0.0203489280000003
0.010207232
0.005111807999999987
0.005111807999999971
0
0.005111807999999988
0.01528627199999997
0.01528627199999997
0.005111807999999992
0.005111807999999974
0.01528627199999985
0.01020723200000001
0.01528627199999993
0
0.005111807999999976
0.01020723199999999
0
0
0.005111807999999995
0
0
0
0
0
0
0.005111807999999997
0.01020723200000006
0.01020723199999991
0.005111807999999999
0.01020723200000004
0.01020723200000002
0.005111807999999983
0.01020723200000006
0.005111807999999954
0.005111807999999987
0
0
0.005111807999999994
0
0.005111807999999983
0
0
0
0.01020723199999983
0.02034892800000054
0.01528627199999995
0.005111807999999992
0.01528627199999998
0.01020723199999999
0.01020723199999999
0.005111807999999995
0
0.01020723200000002
0.01020723200000003
0.005111807999999989
0
0.005111807999999981
0.01020723199999986
0.01020723199999997
0.005111807999999964
0.005111807999999999
0.005111807999999995
0.005111807999999995
0.005111807999999993
0.005111807999999993
0
0.01528627200000007
0.01528627200000003
0.005111807999999997
0.01020723200000009
0.01020723200000001
0.02539520000000016
0.02034892800000038
0.01528627199999988
0.01020723199999999
0.00511180799999998
0
0
0
0.0102072319999999
0.02034892800000038
0.01528627200000005
0.01528627200000009
0.01528627200000005
0
0.005111807999999964
0.0152862720000001
0.02034892800000005
0.005111807999999981
0.005111807999999989
0.00511180799999996
0
0.005111807999999986
0.005111807999999986
0
0.01528627200000011
0.02034892800000019
0.01020723199999996
0.005111807999999973
0.005111807999999973
0.01020723200000012
0.005111807999999959
0.005111807999999963
0.005111807999999974
0
0
0.005111807999999977
0.005111807999999984
0.005111807999999989
0.005111807999999995
0
0.005111807999999956
0
0
0.005111807999999951
0.01020723200000002
0
0.01020723199999996
0
0
0.005111807999999983
0.01020723200000001
0.005111807999999963
0.005111807999999976
0.005111807999999976
0.005111807999999958
0.005111807999999988
0
0
0.005111807999999974
0.01528627199999986
0.0102072319999999
0.01528627199999996
0.01020723199999988
0.005111807999999956
0.005111807999999956
0.01528627200000011
0.01020723199999984
0.01528627200000001
0.01528627200000011
0.01528627199999965
0.01020723199999985
0
0.005111807999999988
0
0.01528627200000001
0.01020723199999999
0.0102072320000001
0.005111807999999959
0.005111807999999959
0.005111807999999959
0.00511180799999997
0
0
0.005111807999999967
0.005111807999999967
0
0
0
0
0
0.005111807999999974
0.005111807999999974
0.005111807999999963
0
0.01020723199999999
0.01528627200000006
0.02539520000000012
0.01528627200000004
0.01020723199999997
0.01528627200000003
0.01020723199999996
0.0152862719999998
0.005111807999999994
0.005111807999999994
0.005111807999999997
0.01020723200000001
0.00511180799999999
0.005111807999999995
0
0.005111807999999983
0
0
0.01020723199999995
0.01020723200000004
0
0
0.005111807999999957
0.005111807999999974
0
0
0
0.005111807999999983
0.005111807999999983
0
0
0.00511180799999997
0.005111807999999992
0.005111807999999989
0
0
0.01020723199999995
0
0
0.005111807999999983
0.005111807999999961
0.015286272
0.01528627199999993
0.03042508799999993
0.02034892800000013
0.01528627199999996
0.01020723200000005
0.005111807999999966
0.01528627200000003
0.02034892800000001
0.02034892800000002
0.01528627200000012
0.005111807999999965
0.005111807999999965
0.005111807999999961
0.005111807999999958
0.005111807999999958
0
0.005111807999999953
0.005111807999999953
0
0.005111807999999976
0.01020723199999997
0
0
0
0
0
0.01020723199999999
0.01020723199999999
0.005111807999999983
0
0
0.005111807999999981
0
0.005111807999999974
0.01020723200000003
0.0102072320000001
0.01528627199999999
0.01020723199999984
0.005111807999999956
0.005111807999999956
0.01020723199999984
0.005111807999999958
0.005111807999999992
0.005111807999999999
0.005111807999999999
0.005111807999999999
0
0.01020723199999992
0.0152862719999998
0
0.005111807999999961
0.01020723200000005
0
0.005111807999999963
0.005111807999999963
0.005111807999999976
0.005111807999999973
0.005111807999999973
0.005111807999999961
0
0
0.005111807999999972
0.01020723199999997
0.00511180799999999
0
0
0.005111807999999972
0.01020723199999995
0.005111807999999954
0.01020723199999997
0.01528627199999991
0.005111807999999978
0.005111807999999978
0
0.005111807999999982
0
0
0
0
0
0.005111807999999999
0
0.005111807999999993
0
0
0.005111807999999986
0
0
0
0
0
0.01020723199999995
0.005111807999999977
0.01020723200000001
0.005111807999999977
0.005111807999999972
0
0
0
0
0
0.00511180799999997
0
0
0.005111807999999985
0.01020723199999995
0
0
0.01020723200000001
0.01020723200000001
0.005111807999999989
0.01020723200000001
0
0
0
0.00511180799999998
0.0102072319999999
0.01528627199999976
0.01020723200000011
0.01528627200000014
0.00511180799999999
0
0
0
0
0
0.00511180799999996
0.005111807999999957
0
0.005111807999999995
0.005111807999999995
0.005111807999999995
0.005111807999999956
0.005111807999999969
0.005111807999999969
0.03543859199999965
0.01528627199999988
0.0203489280000002
0.02034892800000027
0.01020723199999985
0.00511180799999997
0
0.005111807999999956
0.01528627199999994
0.01020723200000004
0.005111807999999985
0
0
0
0.00511180799999996
0.00511180799999996
0.005111807999999958
0.01020723199999997
0
0.01528627199999992
0.005111807999999952
0
0.01020723200000002
0
0
0.005111807999999976
0.01020723199999991
0.0152862719999999
0.005111807999999976
0.005111807999999994
0
0
0
0
0
0
0
0.01020723199999985
0.01020723199999997
0.005111807999999976
0.01020723199999993
0.005111807999999978
0.005111807999999992
0
0
0.02034892800000024
0.01528627200000013
0.005111807999999966
0.01528627200000005
0.01020723200000003
0.005111807999999977
0.01020723199999999
0.005111807999999958
0.00511180799999998
0.01528627199999992
0
0
0.01020723200000003
0.01020723200000003
0.01528627199999997
0.01020723199999988
0
0
0.005111807999999964
0.005111807999999997
0
0
0
0.005111807999999975
0
0.01020723200000005
0.005111807999999987
0.01020723200000006
0.005111807999999981
0.0152862719999999
0.01528627199999982
0.015286272
0.01020723199999996
0.01528627200000005
0.01528627200000005
0
0
0.01528627199999986
0
0.005111807999999966
0
0.005111807999999966
0.02034892800000017
0.005111807999999974
0.01528627199999987
0.01528627199999977
0.005111807999999962
0.01528627199999988
0.01528627199999997
0.02034892800000043
0.01020723199999986
0.005111807999999964
0.01020723199999989
0.005111807999999983
0.005111807999999983
0
0
0
0
0.00511180799999997
0.01020723199999989
0.01528627199999984
0
0.005111807999999969
0.005111807999999969
0
0
0.01528627199999969
0.01020723199999993
0.005111807999999968
0.005111807999999972
0.01528627199999981
0.005111807999999977
0.005111807999999964
0.01528627199999992
0.005111807999999983
0
0.01528627199999974
0.005111807999999963
0.005111807999999963
0.005111807999999963
0.01020723199999997
0.005111807999999991
0
0
0.005111807999999987
0.005111807999999987
0.005111807999999979
0.01020723199999998
0
0
0.005111807999999986
0
0
0.005111807999999983
0.005111807999999958
0
0.00511180799999998
0.00511180799999999
0
0
0
0
0.01020723200000002
0.01020723199999997
0.005111807999999983
0.005111807999999983
0.0253952000000001
0.01020723200000006
0.005111807999999976
0
0
0
0
0
0
0.005111807999999952
0
0
0.01020723199999992
0.01528627199999977
0
0
0
0
0.005111807999999976
0.005111807999999976
0
0.01020723199999993
0.005111807999999971
0.01020723199999997
0.01020723200000004
0.01020723199999986
0
0
0
0
0
0.005111807999999961
0.005111807999999968
0.005111807999999993
0.01020723200000002
0.005111807999999993
0
0.01528627200000014
0.005111807999999974
0.01020723199999997
0.0203489280000003
0.01528627199999965
0.005111807999999958
0
0
0.005111807999999989
0.01020723199999997
0.005111807999999956
0.00511180799999998
0
0.005111807999999969
0.01528627199999981
0.0102072319999999
0
0
0.00511180799999998
0.005111807999999961
0.005111807999999984
0.02034892800000013
0.02034892800000016
0.02034892800000045
0.02034892800000058
0.01020723199999983
0.005111807999999956
0
0
0.005111807999999969
0
0.01020723200000001
0.005111807999999996
0.005111807999999961
0
0.005111807999999999
0.01528627200000016
0.01020723199999998
0.01528627199999982
0.01020723199999986
0.005111807999999961
0.01020723199999987
0.02539520000000011
0.03042508800000051
0.01528627199999982
0.01528627199999981
0.005111807999999965
0.01020723200000002
0.02034892800000013
0.01528627199999999
0
0.005111807999999989
0
0.0102072320000001
0.00511180799999999
0.005111807999999958
0
0
0
0.01528627199999979
0
0.0102072319999999
0.01020723199999993
0.005111807999999978
0
0
0
0.005111807999999961
0
0.005111807999999968
0.005111807999999968
0
0.005111807999999987
0.01020723200000007
0
0.005111807999999971
0.005111807999999971
0.00511180799999998
0
0
0.00511180799999999
0.00511180799999999
0
0.005111807999999968
0.01020723199999988
0.02034892799999997
0.01528627200000014
0.01020723199999988
0.005111807999999966
0.01020723200000002
0
0.01020723200000001
0
0
0
0.005111807999999999
0
0.01020723199999998
0.02034892800000038
0.02034892800000038
0.005111807999999969
0
0.005111807999999956
0.005111807999999983
0.01020723200000011
0.005111807999999994
0.005111807999999963
0.02034892800000041
0.02034892800000041
0.01020723199999986
0
0.005111807999999952
0.005111807999999977
0.005111807999999983
0.005111807999999983
0
0
0.005111807999999957
0
0.005111807999999962
0.01528627199999988
0
0
0
0.005111807999999982
0
0
0.0253952000000001
0.03042508799999995
0.02539520000000011
0.02034892800000033
0.01020723200000008
0.005111807999999998
0
0
0.005111807999999983
0
0
0
0
0.01020723199999995
0.005111807999999983
0.01020723199999994
0.005111807999999983
0
0
0
0
0
0.01020723199999997
0.005111807999999975
0.0152862720000001
0.01020723200000014
0.01528627200000002
0.005111807999999998
0
0
0.005111807999999968
0.005111807999999976
0
0.005111807999999981
0
0
0.005111807999999997
0
0
0.00511180799999998
0.005111807999999995
0.01020723200000005
0.01528627199999987
0
0.01020723199999998
0
0
0.01528627200000003
0.03042508800000094
0.02034892800000056
0.02539520000000018
0.0152862720000001
0.01528627200000002
0.01528627199999993
0.010207232
0.005111807999999978
0.01020723199999989
0.01020723199999989
0.005111807999999963
0
0
0.005111807999999997
0
0.01020723199999993
0.00511180799999998
0
0
0.005111807999999989
0.005111807999999989
0.01528627200000005
0
0.005111807999999995
0
0
0
0
0.005111807999999988
0.005111807999999975
0
0
0.01020723199999992
0.005111807999999976
0.01020723199999996
0
0
0
0
0
0.00511180799999999
0.0152862719999998
0.01528627199999981
0.005111807999999966
0
0
0.01528627199999969
0.02034892800000047
0.0102072320000001
0.01528627199999998
0.005111807999999986
0
0.01528627199999996
0.005111807999999989
0.01020723199999998
0
0
0.01020723199999998
0.01020723199999996
0.01020723199999996
0.01020723200000001
0.005111807999999981
0.005111807999999987
0.005111807999999999
0
0
0
0
0
0.005111807999999987
0.005111807999999985
0.005111807999999985
0.005111807999999974
0.01020723199999997
0
0.01020723200000001
0.005111807999999974
0
0.005111807999999972
0.005111807999999983
0.005111807999999983
0
0
0.005111807999999968
0.005111807999999968
0
0.005111807999999976
0.01020723199999992
0.0102072319999999
0.01020723200000001
0.005111807999999973
0.005111807999999973
0.005111807999999973
0.01528627199999989
0.005111807999999983
0.005111807999999983
0.005111807999999982
0.005111807999999982
0.02034892800000015
0.005111807999999974
0.01020723199999992
0
0
0
0
0
0.005111807999999988
0
0
0
0.005111807999999957
0
0
0.005111807999999956
0.02034892800000052
0.01528627199999964
0
0.005111807999999982
0.005111807999999982
0.005111807999999982
0
0
0.01528627200000006
0.005111807999999987
0
0
0.005111807999999976
0
0
0.01020723199999996
0.01020723199999996
0
0
0.01020723199999984
0.005111807999999957
0
0
0
0.01020723199999988
0.02539520000000012
0.005111807999999982
0.005111807999999974
0.005111807999999983
0.005111807999999995
0.01020723200000003
0
0.005111807999999955
0.0102072319999999
0.005111807999999973
0.005111807999999957
0.005111807999999965
0.01020723199999991
0
0
0
0
0
0
0
0
0.005111807999999978
0.00511180799999997
0.00511180799999997
0.01020723199999991
0.00511180799999997
0.005111807999999987
0.01020723200000003
0.005111807999999959
0.02034892800000044
0.005111807999999957
0.005111807999999957
0
0.01020723200000004
0.01020723199999999
0
0.01020723200000008
0.01020723200000008
0.01020723199999997
0.005111807999999993
0.01528627200000003
0.01528627200000001
0
0.005111807999999976
0.005111807999999952
0.01528627200000005
0.01020723200000011
0.01020723200000011
0.005111807999999955
0.005111807999999957
0.01528627200000008
0.005111807999999957
0.005111807999999956
0
0.005111807999999952
0
0.005111807999999986
0.01020723199999998
0.01020723200000002
0
0.01020723199999997
0.0102072319999999
0.005111807999999974
0.005111807999999974
0.005111807999999999
0.005111807999999952
0.01528627199999988
0.01020723200000005
0.005111807999999987
0.005111807999999983
0.005111807999999983
0
0
0
0
0.01020723199999991
0.005111807999999965
0.005111807999999965
0.005111807999999983
0.005111807999999983
0.005111807999999969
0.02034892800000021
0.01020723199999988
0.01020723199999988
0
0
0
0.01528627200000007
0.005111807999999976
0.01020723199999992
0.01528627199999981
0.005111807999999976
0.01528627199999997
0.005111807999999989
0.005111807999999989
0.005111807999999953
0.01020723199999999
0.005111807999999983
0.005111807999999989
0.01528627199999989
0
0.005111807999999955
0
0.00511180799999997
0
0
0.005111807999999995
0.00511180799999998
0
0
0
0
0
0.005111807999999952
0.00511180799999996
0.01528627199999966
0.01020723199999984
0.01020723199999984
0
0
0.01020723199999992
0.00511180799999998
0.010207232
0
0.00511180799999997
0.00511180799999997
0.00511180799999997
0
0.005111807999999955
0.005111807999999985
0.005111807999999976
0
0.01020723199999992
0.005111807999999958
0.01020723200000003
0
0.005111807999999982
0.01020723199999998
0
0
0.00511180799999999
0
0
0
0.01020723199999995
0.005111807999999956
0
0.01020723199999999
0
0
0
0.005111807999999981
0.01020723199999997
0.005111807999999997
0.005111807999999997
0.01020723200000011
0
0
0.005111807999999987
0.005111807999999989
0
0.005111807999999965
0
0
0.005111807999999968
0.005111807999999986
0
0.01020723199999984
0.005111807999999958
0.01020723199999998
0
0.005111807999999982
0.01528627199999998
0.01020723200000003
0
0
0.005111807999999972
0.01020723200000004
0.01528627199999998
0.01020723199999995
0.005111807999999972
0.01020723199999995
0.005111807999999972
0.005111807999999991
0.01528627199999999
0.005111807999999991
0.00511180799999997
0.01528627199999972
0
0.005111807999999959
0.01020723199999995
0.01020723199999995
0.005111807999999983
0
0
0
0
0
0.005111807999999981
0.005111807999999981
0
0
0.005111807999999977
0
0.01020723200000009
0.01020723199999997
0.005111807999999989
0.005111807999999995
0.01020723200000007
0.005111807999999982
0.01020723200000001
0.01528627199999986
0.01020723199999998
0.01020723199999992
0.01020723199999992
0.01020723199999988
0.01020723199999988
0.01020723199999996
0.01020723199999995
0.01528627199999983
0.005111807999999951
0.01020723199999987
0
0.005111807999999976
0.005111807999999974
0.01528627200000011
0.01528627199999984
0.00511180799999998
0.005111807999999978
0.01020723199999988
0
0.005111807999999954
0
0.005111807999999982
0.00511180799999998
0.01020723199999997
0.005111807999999989
0.005111807999999989
0
0
0.01020723199999994
0.01020723199999994
0.005111807999999966
0.005111807999999963
0
0.005111807999999995
0.01020723199999999
0.01020723200000009
0.005111807999999998
0.01020723199999995
0.005111807999999953
0
0.005111807999999951
0.00511180799999998
0
0.005111807999999989
0.01020723200000003
0.01020723200000003
0.005111807999999969
0
0.005111807999999989
0
0.00511180799999997
0
0
0
0.005111807999999953
0.005111807999999953
0.01020723200000002
0.005111807999999995
0
0.005111807999999966
0.005111807999999962
0.01020723199999985
0.01528627199999988
0.005111807999999962
0
0.005111807999999959
0.005111807999999987
0.01020723199999996
0
0.005111807999999976
0.005111807999999976
0.01020723200000011
0.01528627199999993
0.00511180799999998
0.02034892800000026
0
0
0.00511180799999997
0.005111807999999969
0.005111807999999969
0.01020723199999999
0.01020723199999992
0.01528627199999986
0.005111807999999959
0.005111807999999969
0.005111807999999973
0
0.005111807999999966
0.005111807999999998
0.01020723200000011
0.005111807999999957
0
0
0.005111807999999979
0
0
0.01020723200000003
0.01528627200000005
0.01528627199999987
0.005111807999999988
0.01020723200000007
0.03042508800000002
0.01528627200000003
0.02034892800000011
0.005111807999999969
0.01020723199999992
0.01528627199999979
0.005111807999999982
0.005111807999999964
0.005111807999999964
0.005111807999999968
0.01020723200000008
0
0.005111807999999958
0.005111807999999996
0.01020723199999998
0.005111807999999994
0.01020723200000002
0.005111807999999967
0.005111807999999961
0.0102072319999999
0.01020723199999992
0
0.005111807999999966
0.01020723199999993
0
0.005111807999999994
0.01020723199999999
0.01020723200000001
0.005111807999999997
0
0.01020723199999996
0.01020723199999999
0.01020723199999999
0.01528627199999993
0.01020723199999985
0.01020723199999985
0.01020723199999994
0.01020723200000004
0.01020723200000012
0.005111807999999997
0.01020723200000003
0.01528627200000006
0.01020723199999996
0.01020723200000006
0.005111807999999954
0.02034892800000001
0.01528627199999998
0.01020723200000009
0
0.01020723200000002
0.01020723199999994
0
0.005111807999999994
0.005111807999999958
0
0.01528627199999982
0.005111807999999992
0
0.005111807999999969
0.005111807999999969
0
0.00511180799999998
0.00511180799999998
0
0
0.01020723199999986
0
0
0.005111807999999955
0
0
0.01020723200000001
0.01020723200000003
0.01528627200000003
0.01020723200000013
0.01020723200000001
0.01020723200000001
0.005111807999999997
0.00511180799999998
0.005111807999999989
0.005111807999999987
0.01020723200000007
0.01020723199999999
0.01020723199999996
0
0.01020723199999986
0
0
0
0.01020723199999993
0.005111807999999974
0.005111807999999974
0.005111807999999999
0
0.01020723199999997
0.01528627199999991
0
0.0102072319999999
0.01528627199999978
0.010207232
0.01020723200000003
0
0.005111807999999959
0.01020723199999984
0.01528627199999987
0.01528627199999976
0
0
0
0
0
0
0
0
0.0203489280000005
0.005111807999999966
0.01020723200000004
0.005111807999999993
0
0.005111807999999983
0.01020723199999993
0
0
0.005111807999999985
0.01020723199999995
0.005111807999999951
0
0
0.010207232
0.010207232
0.005111807999999991
0.01528627200000003
0.01528627200000003
0.01020723200000002
0.01020723199999998
0.03042508799999997
0.01528627199999998
0.01020723200000001
0
0
0
0
0
0
0.005111807999999968
0.01020723199999988
0.005111807999999968
0.01020723200000005
0
0.01020723199999985
0
0.005111807999999999
0.02034892799999995
0.010207232
0.005111807999999999
0.005111807999999999
0.01020723200000013
0
0
0.01020723200000006
0.01020723199999999
0
0
0
0.00511180799999998
0
0.01020723200000007
0.005111807999999994
0
0
0.01020723199999994
0.01528627199999978
0.00511180799999998
0
0.005111807999999956
0
0.00511180799999997
0.005111807999999992
0
0
0
0
0
0
0.005111807999999983
0.005111807999999985
0
0
0
0.005111807999999992
0.005111807999999983
0.005111807999999983
0
0.005111807999999972
0.005111807999999977
0.005111807999999997
0.005111807999999997
0.005111807999999963
0
0
0.01020723200000013
0.005111807999999997
0.01528627199999958
0.02034892799999995
0.01020723200000015
0.005111807999999999
0
0
0.005111807999999968
0.005111807999999969
0.005111807999999969
0
0
0.005111807999999973
0
0.005111807999999994
0
0
0
0.005111807999999981
0
0.005111807999999989
0.005111807999999989
0.005111807999999989
0
0
0.005111807999999954
0.02034892800000038
0.01020723199999989
0
0
0
0.005111807999999958
0
0
0.01020723200000001
0.005111807999999999
0.005111807999999999
0
0
0
0.00511180799999996
0.00511180799999996
0
0
0.01020723199999989
0.01528627199999972
0.02034892800000037
0.005111807999999973
0.005111807999999973
0
0
0
0.005111807999999981
0.01020723199999993
0.02034892800000024
0.01020723199999999
0.01528627200000001
0.01020723200000002
0.005111807999999974
0.01528627199999982
0.01020723199999992
0
0
0.01528627200000003
0.01020723200000004
0.005111807999999989
0.01528627200000003
0
0.005111807999999956
0.005111807999999956
0
0
0
0.005111807999999974
0.005111807999999974
0.005111807999999972
0.01020723199999994
0.01528627199999966
0.00511180799999996
0.005111807999999964
0.005111807999999968
0.02539520000000015
0.02034892800000042
0.01528627200000016
0.01020723199999988
0.01528627199999972
0.01020723200000003
0.005111807999999966
0.01020723199999989
0.005111807999999966
0.005111807999999966
0.005111807999999988
0.005111807999999954
0
0.005111807999999983
0.005111807999999993
0.005111807999999993
0
0.01020723200000003
0.005111807999999963
0.005111807999999963
0.01020723199999995
0.005111807999999976
0
0.01020723200000005
0.01020723199999999
0.01020723199999995
0
0
0.01020723199999992
0.005111807999999978
0
0.005111807999999969
0.005111807999999969
0.0102072319999999
0
0.005111807999999992
0.01528627200000001
0.01528627199999996
0.005111807999999973
0.010207232
0.005111807999999986
0.01020723200000006
0.01528627199999993
0.005111807999999983
0.01020723199999997
0
0
0
0.01020723199999998
0
0
0
0.01528627200000003
0.02034892800000004
0.01020723199999998
0.02034892800000011
0
0
0.005111807999999955
0
0
0.005111807999999957
0.005111807999999957
0.01020723200000006
0.005111807999999955
0
0.005111807999999981
0.01020723199999988
0.005111807999999958
0
0.005111807999999952
0.005111807999999966
0.01020723199999988
0
0.01528627200000017
0
0
0
0
0
0.01020723199999996
0.01528627199999965
0.01020723199999984
0.00511180799999996
0.00511180799999996
0
0.02539520000000012
0.02034892800000039
0.02034892800000039
0.005111807999999961
0.005111807999999959
0
0.01528627199999982
0.01020723199999991
0.01528627199999978
0.01020723199999987
0.01528627199999982
0.02539520000000014
0.01020723199999994
0.005111807999999974
0
0
0
0
0.005111807999999998
0.02539520000000011
0.005111807999999986
0
0.005111807999999976
0.01528627199999991
0.005111807999999978
0.01020723199999999
0
0
0
0.01020723200000009
0.01020723200000012
0.005111807999999952
0.005111807999999956
0.01020723200000003
0.005111807999999986
0.005111807999999986
0.01020723199999996
0.0152862719999999
0.0152862719999999
0.01020723199999989
0.01020723199999992
0.00511180799999997
0
0
0.005111807999999974
0.01020723199999992
0.00511180799999999
0.02034892800000052
0.01020723199999996
0.01020723199999996
0.01020723200000012
0.01528627200000003
0
0.01020723199999997
0.02034892800000028
0.01528627199999981
0.02034892800000025
0.010207232
0
0.01528627200000002
0
0
0.010207232
0.005111807999999989
0
0
0.01528627200000001
0.005111807999999963
0
0.005111807999999972
0.00511180799999998
0.005111807999999966
0.005111807999999955
0.005111807999999961
0.005111807999999963
0
0.005111807999999959
0.005111807999999959
0.01020723200000003
0.005111807999999992
0
0
0.01528627199999983
0.01528627199999969
0.01528627199999974
0
0
0
0.00511180799999998
0
0
0.01020723199999993
0
0.005111807999999983
0
0.005111807999999984
0
0.01020723199999994
0.005111807999999954
0.005111807999999955
0.02034892800000014
0.0203489280000006
0.0152862719999996
0.005111807999999983
0.01528627199999996
0
0.005111807999999985
0.010207232
0.005111807999999995
0
0.005111807999999993
0.01528627199999987
0.01020723199999995
0
0.005111807999999993
0.0152862719999999
0
0.005111807999999956
0.005111807999999969
0
0
0
0
0
0
0.0102072320000001
0.01528627200000006
0
0
0.01528627199999997
0.02034892800000011
0.02539520000000016
0.01528627200000005
0.01020723200000003
0.005111807999999999
0.005111807999999961
0.005111807999999961
0
0
0
0
0.005111807999999962
0.005111807999999962
0.005111807999999994
0.005111807999999994
0
0
0.01020723200000002
0.01020723200000002
0.01020723199999988
0.005111807999999968
0.005111807999999956
0
0.005111807999999961
0.005111807999999965
0
0
0.01020723199999983
0.005111807999999956
0.0152862720000002
0
0
0
0.005111807999999987
0
0.005111807999999953
0.01020723199999983
0.005111807999999953
0
0
0.005111807999999995
0.005111807999999968
0.005111807999999968
0.02034892800000041
0.01020723200000001
0.01020723200000001
0
0.01528627199999969
0.005111807999999984
0.01020723199999994
0
0.01528627199999994
0.005111807999999973
0.00511180799999997
0.005111807999999954
0
0
0.00511180799999999
0.00511180799999999
0
0
0
0.01020723199999989
0
0
0.00511180799999997
0
0
0.005111807999999969
0.005111807999999969
0
0
0
0.005111807999999997
0.005111807999999997
0.005111807999999995
0
0
0
0.01020723199999989
0.01020723200000003
0.02034892800000037
0.01528627199999977
0.02034892800000052
0.02539520000000015
0.01528627200000015
0.005111807999999952
0.005111807999999952
0.005111807999999987
0
0.01020723200000003
0.01020723200000003
0.01020723199999999
0.01020723199999998
0.01020723199999998
0.01020723199999996
0.01528627199999994
0.005111807999999976
0.01020723199999996
0.01020723199999996
0.01528627200000019
0.01020723199999994
0.005111807999999983
0
0.005111807999999967
0.01020723200000002
0.005111807999999958
0.005111807999999994
0
0.005111807999999987
0
0
0.005111807999999961
0.005111807999999961
0
0.01020723200000001
0.01020723199999995
0
0
0
0.005111807999999995
0.01020723200000006
0.005111807999999995
0.00511180799999998
0.01528627200000006
0
0.00511180799999997
0.02034892800000038
0.00511180799999997
0.01020723199999983
0.005111807999999954
0
0
0.005111807999999976
0
0.01020723199999991
0.005111807999999976
0
0
0
0
0
0.005111807999999976
0
0.005111807999999974
0.0253952000000001
0.01528627199999987
0.01528627199999986
0
0
0.01020723200000003
0.01528627200000002
0
0.005111807999999958
0
0
0
0
0.0102072320000001
0.005111807999999996
0.005111807999999986
0.005111807999999981
0.005111807999999982
0.005111807999999982
0.01020723199999996
0
0
0.01020723199999996
0.01020723199999988
0.01528627199999971
0.005111807999999963
0.00511180799999998
0.00511180799999998
0
0.005111807999999956
0.005111807999999956
0.02034892800000041
0.01020723200000006
0.005111807999999994
0.005111807999999994
0
0
0.005111807999999951
0
0.005111807999999991
0.005111807999999985
0.005111807999999993
0
0
0
0.005111807999999969
0.01528627200000002
0.01528627200000004
0.01528627200000004
0.005111807999999973
0.01020723199999993
0
0
0.005111807999999995
0.01020723199999997
0.005111807999999987
0.005111807999999987
0.01020723199999996
0
0
0
0.005111807999999982
0
0
0.005111807999999987
0.005111807999999987
0.01528627200000005
0
0.005111807999999998
0
0
0.01020723199999993
0.01020723199999991
0.01020723199999991
0
0
0
0
0
0.005111807999999974
0.01020723199999994
0.01020723199999994
0.005111807999999977
0.01528627199999993
0
0.005111807999999958
0.01020723199999984
0.01528627200000007
0.01020723200000015
0.005111807999999952
0.02034892800000002
0.01528627200000015
0.01020723199999982
0.005111807999999955
0
0.005111807999999994
0.005111807999999994
0.005111807999999984
0.01020723199999998
0.005111807999999973
0.005111807999999973
0.005111807999999973
0.005111807999999973
0.005111807999999973
0.005111807999999973
0.02034892800000008
0.02034892800000029
0.0152862719999998
0.02539520000000015
0.005111807999999978
0.01020723199999997
0
0.005111807999999979
0
0.00511180799999998
0.005111807999999982
0
0.005111807999999983
0.005111807999999964
0.005111807999999964
0.02034892800000022
0.01020723199999993
0.02034892800000011
0.02034892800000022
0
0
0.00511180799999999
0.01020723200000006
0.00511180799999996
0.00511180799999996
0.005111807999999976
0
0
0.01528627199999984
0.02034892800000043
0.01020723200000006
0
0.005111807999999963
0.005111807999999971
0.01020723199999998
0
0
0
0.01528627200000009
0.01020723199999987
0.005111807999999955
0
0
0.005111807999999989
0.01528627200000011
0.01020723200000009
0.01020723199999981
0.02034892800000007
0.02539520000000018
0.01020723200000015
0.01020723200000015
0.005111807999999954
0
0
0.005111807999999989
0.01020723199999988
0.01528627199999999
0.005111807999999972
0.01020723200000003
0.005111807999999993
0
0
0.005111807999999995
0.02539520000000007
0.005111807999999966
0
0
0
0
0
0.005111807999999974
0
0
0.005111807999999997
0
0
0
0.01020723200000003
0.005111807999999969
0.005111807999999969
0.01020723199999994
0.01020723199999994
0.01020723200000001
0.01020723199999995
0.01020723199999989
0.005111807999999964
0.005111807999999996
0.005111807999999974
0.005111807999999974
0.005111807999999959
0
0.01020723199999988
0.005111807999999969
0.01020723200000005
0.02034892800000021
0.03042508800000029
0.01020723200000007
0
0
0.02034892800000026
0.01528627200000006
0.010207232
0.01020723199999999
0
0
0.005111807999999981
0.005111807999999974
0.005111807999999989
0.005111807999999963
0.005111807999999963
0.01528627199999986
0
0.005111807999999989
0.005111807999999956
0.01020723199999983
0.005111807999999956
0
0.005111807999999983
0
0
0
0.01020723199999989
0.005111807999999955
0
0
0
0.01020723200000015
0.005111807999999999
0.005111807999999999
0
0.005111807999999964
0.005111807999999964
0.01020723199999986
0
0
0
0.005111807999999996
0.005111807999999984
0
0.01020723199999995
0.01020723199999995
0.005111807999999987
0.005111807999999987
0.005111807999999979
0.005111807999999979
0.005111807999999983
0.005111807999999995
0.00511180799999997
0.01020723199999991
0.00511180799999996
0.015286272
0.01020723200000002
0.005111807999999984
0
0.005111807999999987
0
0
0
0.005111807999999994
0.005111807999999994
0
0.005111807999999974
0.005111807999999974
0.005111807999999974
0.01020723199999992
0.005111807999999979
0
0
0
0.005111807999999973
0
0.005111807999999959
0.01020723199999985
0.005111807999999957
0.005111807999999957
0
0.005111807999999969
0.005111807999999969
0.00511180799999998
0.00511180799999998
0.0152862719999999
0.005111807999999965
0.005111807999999965
0
0.01020723200000003
0.01020723200000003
0.0253952000000001
0.01528627200000005
0
0
0.01020723200000002
0
0
0.005111807999999952
0
0
0
0.01020723199999999
0.01020723200000008
0.010207232
0.005111807999999967
0
0
0.005111807999999995
0
0.005111807999999977
0.005111807999999964
0.005111807999999964
0
0
0
0
0.005111807999999963
0
0.005111807999999956
0
0
0.005111807999999977
0.005111807999999952
0.005111807999999998
0
0.005111807999999961
0
0.005111807999999971
0.005111807999999994
0.005111807999999993
0
0.005111807999999979
0
0
0.005111807999999956
0.005111807999999963
0.005111807999999951
0.01020723199999984
0.01020723200000013
0.01528627200000024
0.02034892800000001
0.01020723200000001
0.01020723200000002
0.01020723200000001
0.01528627199999971
0.005111807999999968
0
0.005111807999999952
0
0
0.01528627199999994
0.005111807999999987
0.02539520000000011
0.0253952000000001
0.02539520000000009
0.02034892800000015
0.005111807999999987
0.01020723199999995
0.01020723200000011
0.01020723199999985
0.01020723199999986
0.01020723199999988
0.01528627199999973
0.01020723199999989
0.01020723199999989
0
0
0
0
0
0
0.005111807999999983
0.005111807999999983
0.005111807999999983
0.005111807999999955
0.005111807999999963
0.005111807999999963
0.01020723200000007
0
0
0
0.005111807999999982
0.005111807999999968
0.005111807999999982
0.005111807999999964
0
0
0.005111807999999975
0.005111807999999995
0
0
0
0
0
0.00511180799999998
0.005111807999999958
0
0
0
0
0
0
0.005111807999999994
0.005111807999999994
0.01020723200000006
0.01020723200000011
0.01020723199999991
0.005111807999999965
0.005111807999999963
0
0
0.02034892800000003
0.01020723200000002
0.01528627200000001
0.01020723200000002
0.005111807999999982
0.005111807999999955
0.005111807999999955
0.01020723199999983
0.01020723199999983
0.005111807999999955
0.005111807999999955
0
0
0.00511180799999997
0
0
0.00511180799999999
0
0.005111807999999993
0
0.005111807999999958
0
0.005111807999999956
0.005111807999999956
0.01528627199999995
0.005111807999999964
0
0.005111807999999958
0.01020723199999983
0.03042508799999983
0.02539520000000008
0.005111807999999985
0.01020723200000005
0.01020723199999988
0.01528627199999972
0.01528627199999987
0.01528627200000011
0.01528627200000011
0.005111807999999963
0.01020723200000004
0.005111807999999989
0.005111807999999991
0.005111807999999991
0.0253952000000001
0.01020723200000001
0.01020723199999997
0.01020723199999997
0.005111807999999986
0.005111807999999986
0
0
0.005111807999999955
0.005111807999999955
0.01020723199999982
0.015286272
0.01020723200000002
0.01528627199999986
0.005111807999999973
0
0
0
0
0.005111807999999966
0.005111807999999966
0.005111807999999955
0.01528627199999987
0.01528627199999961
0.005111807999999995
0
0
0.005111807999999996
0.01020723200000014
0
0.005111807999999998
0.005111807999999998
0.005111807999999998
0.01020723200000008
0.01528627200000011
0.01020723200000008
0.005111807999999974
0.005111807999999995
0
0
0
0.01528627199999986
0.01020723200000001
0.005111807999999955
0
0.005111807999999969
0.005111807999999956
0.005111807999999976
0.01020723199999993
0.01020723199999995
0.005111807999999979
0
0
0
0.005111807999999982
0
0.005111807999999976
0
0
0.005111807999999995
0.01020723200000001
0.02034892800000002
0.005111807999999999
0
0
0
0.01020723199999994
0.005111807999999976
0.005111807999999976
0
0
0.01020723200000008
0.005111807999999972
0.01020723199999989
0
0.005111807999999959
0.005111807999999959
0.00511180799999998
0
0
0
0
0
0
0.005111807999999966
0
0
0.01020723200000002
0.005111807999999963
0.01528627200000007
0.02034892800000022
0.01528627199999983
0.01528627200000001
0
0.005111807999999998
0
0.005111807999999994
0
0
0
0
0
0.01020723200000002
0
0.005111807999999961
0
0
0
0.00511180799999999
0.005111807999999988
0
0
0.0102072320000001
0.0253952000000001
0.02034892800000001
0.01528627200000015
0.005111807999999999
0.01020723200000001
0.01020723200000007
0.02034892800000011
0.02539520000000013
0.0354385919999994
0.01528627199999972
0.01528627199999976
0.01020723199999987
0
0.005111807999999987
0.01528627199999986
0
0.005111807999999998
0
0
0.01020723199999999
0.01528627199999991
0.01020723199999991
0.01020723199999999
0.005111807999999952
0.01528627199999993
0
0
0.01020723199999989
0.00511180799999999
0.00511180799999997
0
0.01528627200000002
0
0.01020723199999997
0
0.005111807999999961
0.005111807999999961
0
0
0.00511180799999997
0.01020723200000004
0.01020723199999989
0
0.005111807999999984
0
0.02034892800000029
0.03042508799999998
0.01528627199999998
0.01528627199999992
0.005111807999999989
0
0.01020723200000004
0
0
0.02034892800000049
0.01528627199999991
0.010207232
0.005111807999999966
0.01020723199999986
0.01020723200000013
0.015286272
0.005111807999999986
0.005111807999999986
0.01020723199999996
0.01020723199999996
0
0.0102072320000001
0.005111807999999993
0
0.005111807999999959
0.01528627200000019
0
0.005111807999999982
0
0.00511180799999999
0.01020723199999998
0.01528627199999991
0.01020723199999991
0.005111807999999973
0
0
0
0.005111807999999956
0.01020723199999989
0
0.01020723199999998
0.00511180799999999
0
0
0
0.005111807999999966
0.01020723199999989
0.01020723200000006
0.02034892800000027
0.01020723199999986
0.005111807999999987
0
0.005111807999999999
0.005111807999999982
0.005111807999999965
0.005111807999999965
0.005111807999999995
0.005111807999999968
0.005111807999999968
0.005111807999999968
0.01020723200000015
0
0
0.01528627199999995
0.00511180799999999
0
0.005111807999999952
0.005111807999999976
0.01020723199999994
0
0
0
0.00511180799999998
0
0
0.005111807999999957
0.005111807999999957
0.005111807999999957
0.01020723199999992
0
0
0.01020723200000006
0.005111807999999951
0.005111807999999995
0.01020723199999996
0.005111807999999994
0.005111807999999974
0.005111807999999989
0.005111807999999989
0.005111807999999989
0
0
0
0.005111807999999982
0.01020723199999999
0
0
0
0
0
0
0.005111807999999968
0.01020723199999993
0.01528627199999984
0.005111807999999969
0.01528627199999997
0.01020723200000005
0
0
0
0
0
0.005111807999999968
0.01020723200000002
0.005111807999999997
0.005111807999999992
0
0
0
0.005111807999999983
0
0
0
0
0.01020723199999986
0
0
0.00511180799999997
0.005111807999999997
0.005111807999999997
0.005111807999999997
0.005111807999999997
0.005111807999999997
0.01020723200000008
0
0
0
0
0.005111807999999992
0.01020723199999985
0.005111807999999959
0.005111807999999994
0
0
0.01528627199999985
0.01020723199999995
0.02034892800000031
0.0152862719999999
0
0
0.005111807999999991
0
0.005111807999999977
0.01020723199999996
0.005111807999999986
0.01020723200000003
0.005111807999999975
0.005111807999999976
0.005111807999999976
0.010207232
0.005111807999999987
0.01020723200000005
0
0
0
0.01528627199999989
0.01020723200000001
0.005111807999999973
0.01020723199999996
0
0
0.005111807999999963
0.01020723199999986
0
0.005111807999999996
0.02539520000000016
0.010207232
0
0.01020723200000007
0.02034892800000006
0.02034892800000006
0.01528627200000001
0.005111807999999987
0.005111807999999964
0
0
0
0.005111807999999965
0.005111807999999961
0.01020723199999985
0.01528627199999965
0.005111807999999966
0.005111807999999954
0.005111807999999961
0.01020723200000002
0.01528627199999993
0.01020723200000002
0.005111807999999976
0.010207232
0.010207232
0
0
0
0
0
0.005111807999999969
0.005111807999999963
0.005111807999999986
0.01020723199999996
0.01020723200000003
0.01020723199999996
0.01020723199999996
0.02034892800000014
0.00511180799999998
0.01020723199999998
0.01020723199999987
0
0.02034892800000025
0.01020723199999994
0.005111807999999985
0
0.005111807999999976
0.01020723199999992
0.01020723199999994
0.01020723199999992
0.005111807999999952
0.005111807999999995
0
0
0.01020723199999998
0.005111807999999987
0.005111807999999962
0.005111807999999978
0.01020723199999992
0
0.01020723200000007
0
0.005111807999999979
0.005111807999999979
0
0.005111807999999972
0.01020723200000011
0.02034892800000048
0.01528627199999996
0
0
0
0
0
0.01020723200000014
0.01020723200000014
0.010207232
0
0
0
0
0
0.005111807999999952
0.005111807999999952
0.005111807999999952
0.01020723199999998
0.005111807999999983
0.005111807999999983
0.005111807999999997
0
0.00511180799999998
0
0
0
0
0
0.01020723199999985
0.01020723199999985
0
0.005111807999999976
0
0.00511180799999997
0
0
0
0.01020723200000009
0.005111807999999994
0.01020723200000013
0.01020723200000011
0
0.005111807999999952
0
0
0.01020723199999997
0
0
0.005111807999999961
0.005111807999999976
0
0
0
0
0
0
0.010207232
0.00511180799999998
0.005111807999999995
0
0
0.005111807999999995
0
0
0
0
0
0.01528627200000008
0.00511180799999999
0
0.01020723200000004
0.005111807999999983
0
0.01020723199999988
0.005111807999999976
0
0.005111807999999989
0
0
0.005111807999999976
0
0.005111807999999981
0.005111807999999963
0
0
0.00511180799999999
0.005111807999999997
0.01020723200000001
0
0.005111807999999995
0
0.01020723200000012
0.005111807999999995
0.01020723199999991
0.02539520000000016
0.005111807999999994
0.01020723200000001
0.005111807999999956
0.01528627199999999
0.005111807999999956
0.005111807999999969
0.00511180799999998
0.0102072319999999
0.01020723199999997
0.005111807999999952
0.005111807999999952
0.01020723200000003
0.005111807999999952
0.005111807999999983
0
0.005111807999999999
0
0
0
0
0.005111807999999975
0.005111807999999975
0.005111807999999961
0.0152862720000001
0.01020723199999989
0.005111807999999951
0.0203489280000002
0.005111807999999976
0.005111807999999955
0.01020723199999987
0.01020723200000009
0.02034892800000023
0.01020723199999986
0.0203489280000004
0.01528627199999966
0.01528627199999966
0.005111807999999963
0.01020723200000005
0.005111807999999989
0.01020723200000008
0.01020723200000015
0.005111807999999982
0.005111807999999976
0.0152862719999998
0.01528627199999981
0.005111807999999976
0.01528627200000001
0.02539520000000008
0.01020723199999996
0.02034892800000047
0.01020723200000004
0
0
0
0.01020723199999987
0.005111807999999963
0.01020723200000005
0.005111807999999969
0
0.02034892800000003
0.01528627199999996
0.01020723199999998
0.005111807999999995
0.005111807999999995
0.01528627199999996
0.005111807999999993
0.005111807999999973
0.00511180799999998
0.01528627200000001
0.005111807999999997
0.005111807999999995
0.010207232
0
0
0
0.01020723199999993
0.005111807999999961
0
0
0
0
0
0.005111807999999994
0
0.01020723200000003
0.0102072319999999
0.01528627200000004
0.0102072320000001
0.005111807999999959
0.005111807999999956
0
0
0.01020723199999992
0.01020723199999992
0.010207232
0.005111807999999998
0.01528627200000003
0.005111807999999997
0.005111807999999966
0
0.00511180799999996
0
0.01020723199999997
0.005111807999999956
0.005111807999999955
0
0.005111807999999976
0.005111807999999976
0.01020723199999998
0.01528627200000002
0.00511180799999998
0.00511180799999998
0
0.00511180799999999
0.00511180799999999
0.00511180799999999
0.01528627199999999
0.005111807999999968
0.005111807999999961
0
0.005111807999999958
0.01528627199999977
0.005111807999999973
0.0152862719999998
0.01020723199999992
0.005111807999999975
0.01020723200000006
0.005111807999999987
0.010207232
0
0.01020723200000003
0.005111807999999968
0
0
0
0.005111807999999975
0.02539520000000012
0.0354385919999996
0.02034892800000013
0.01528627200000001
0.02034892800000061
0.02539520000000019
0
0.005111807999999969
0
0.01020723199999996
0.01020723199999989
0.005111807999999969
0.01528627200000005
0.005111807999999983
0.02034892800000012
0.01020723200000005
0.02034892800000015
0.01528627199999997
0
0
0.00511180799999999
0.005111807999999996
0.005111807999999996
0
0.005111807999999966
0
0
0.005111807999999993
0.005111807999999993
0
0
0
0.005111807999999994
0
0
0.005111807999999985
0.01020723199999993
0.005111807999999964
0
0
0.01020723199999984
0.005111807999999956
0.005111807999999967
0.01020723199999994
0.01020723199999994
0.01020723200000001
0.005111807999999966
0.01020723200000001
0.005111807999999952
0
0.005111807999999998
0.005111807999999995
0.005111807999999995
0.005111807999999996
0.00511180799999999
0
0
0.005111807999999977
0.01020723199999993
0.01020723199999993
0.02539520000000015
0.01528627199999986
0.01020723199999993
0.01020723199999993
0.00511180799999998
0.01020723199999993
0.005111807999999994
0.01528627199999997
0.01020723200000006
0.01020723199999999
0.01020723199999999
0.005111807999999973
0.01020723200000001
0.0253952000000001
0.01020723199999995
0.0102072319999999
0
0
0
0
0
0
0.005111807999999953
0.01020723199999994
0.005111807999999953
0.02034892800000004
0.01020723200000001
0.01528627200000003
0
0.01020723199999997
0.005111807999999987
0
0
0
0
0.005111807999999979
0.01528627200000003
0.01020723200000002
0.01020723200000002
0.015286272
0.01020723200000001
0.01020723200000001
0.005111807999999994
0.01528627199999998
0.0102072320000001
0.005111807999999958
0.005111807999999958
0.01020723199999985
0.02034892800000047
0.005111807999999963
0.01528627199999988
0.03042508800000011
0.01020723200000003
0.010207232
0.005111807999999998
0
0
0.005111807999999956
0.015286272
0.01020723200000003
0.01020723200000005
0.01020723200000003
0
0.005111807999999955
0.005111807999999994
0
0
0
0.005111807999999987
0
0
0
0.005111807999999956
0.005111807999999964
0.005111807999999955
0.005111807999999978
0
0
0.005111807999999968
0.005111807999999968
0.005111807999999968
0.005111807999999989
0.01020723199999988
0.0102072319999999
0.01020723199999994
0.01020723199999998
0
0
0.01020723199999987
0.01020723200000004
0.02034892800000018
0.01020723199999994
0.01020723199999994
0
0
0
0.005111807999999998
0.01020723199999982
0.005111807999999951
0.005111807999999969
0.01020723199999998
0
0
0
0
0
0
0.010207232
0.015286272
0.01528627199999995
0
0
0
0
0.005111807999999971
0.01020723200000005
0
0.005111807999999977
0.01528627200000002
0.01020723200000011
0.005111807999999976
0.005111807999999976
0.01020723199999997
0.01020723199999997
0.005111807999999976
0.005111807999999999
0
0.005111807999999974
0
0.005111807999999966
0
0.005111807999999953
0.01020723199999995
0
0
0
0
0
0
0
0.005111807999999963
0.01020723199999984
0.01528627199999992
0.005111807999999987
0
0
0
0.005111807999999976
0.01020723199999995
0
0.005111807999999953
0
0
0.01020723200000001
0.01020723199999987
0.01020723199999987
0.005111807999999961
0
0.01020723199999989
0.01528627199999987
0.00511180799999998
0
0
0.005111807999999952
0
0
0
0
0.005111807999999985
0
0.005111807999999973
0
0
0
0.005111807999999971
0
0
0.005111807999999984
0.00511180799999998
0.01020723199999988
0.02034892800000011
0.01020723200000007
0.01020723200000007
0.01020723200000003
0.005111807999999966
0.01020723200000008
0.005111807999999969
0.02034892800000034
0.01020723199999999
0
0
0
0
0.010207232
0
0.005111807999999968
0
0.005111807999999999
0.01020723200000003
0.010207232
0.01528627200000015
0
0
0
0
0.01528627200000013
0.005111807999999995
0
0.005111807999999984
0
0.005111807999999989
0
0
0.005111807999999959
0.01528627199999988
0.01020723200000007
0
0
0.005111807999999963
0
0.01020723199999998
0
0
0.01020723200000007
0.01020723200000001
0.005111807999999995
0.01528627200000001
0.010207232
0.01020723199999993
0
0
0
0.005111807999999953
0.005111807999999981
0.005111807999999981
0.02539520000000008
0.01528627199999992
0
0.005111807999999998
0.01528627200000005
0.01528627200000008
0.01020723200000015
0.01528627200000008
0.0152862720000001
0
0
0
0
0.01020723200000004
0.01528627199999994
0.01020723199999997
0.005111807999999972
0
0.01528627200000006
0.005111807999999981
0
0.005111807999999956
0.01020723199999985
0
0
0.02034892800000044
0.01528627199999973
0.01020723199999998
0.01528627199999984
0.01528627199999984
0.005111807999999959
0.01020723200000004
0.01528627200000002
0.005111807999999956
0
0
0
0
0.010207232
0.005111807999999952
0.01020723199999996
0.01528627199999997
0.01020723200000005
0.005111807999999965
0
0
0.005111807999999976
0.005111807999999974
0.0304250880000005
0.04043571199999978
0.01020723199999998
0.01020723199999998
0.005111807999999977
0.005111807999999977
0.01528627199999999
0
0.005111807999999966
0.01020723200000001
0.01020723199999997
0.005111807999999961
0.01528627199999996
0
0.01020723199999991
0.01528627200000013
0.00511180799999998
0
0
0
0.005111807999999963
0.01020723199999989
0.005111807999999953
0.005111807999999954
0.01020723199999988
0.02539520000000014
0.01020723199999989
0.01020723200000008
0
0
0
0
0.005111807999999979
0.00511180799999998
0
0.005111807999999959
0.005111807999999994
0
0
0.01020723200000003
0.005111807999999997
0.01528627200000006
0.01528627200000001
0.005111807999999974
0.01020723199999997
0
0
0.005111807999999989
0.005111807999999989
0
0
0
0.005111807999999984
0.01020723199999995
0.005111807999999984
0.01020723200000003
0
0
0
0.005111807999999959
0.005111807999999959
0
0
0.005111807999999976
0.005111807999999995
0
0.005111807999999989
0
0.01020723200000004
0.01528627200000001
0.01528627199999963
0.005111807999999958
0.005111807999999982
0.01020723199999992
0.02034892800000029
0.005111807999999976
0.005111807999999976
0
0
0
0
0
0
0
0.01528627199999992
0.02539520000000011
0.02034892800000001
0.005111807999999995
0.005111807999999962
0
0.005111807999999961
0
0.005111807999999969
0
0.01020723200000003
0.01528627199999998
0.005111807999999994
0.005111807999999966
0.01528627200000009
0
0
0
0.005111807999999999
0.01020723200000011
0.01020723200000003
0.005111807999999958
0.01020723199999985
0
0.02034892800000013
0.02539520000000011
0.01528627199999988
0.005111807999999985
0.01020723200000001
0
0.01528627199999991
0.01020723199999995
0.01020723199999989
0.005111807999999986
0
0
0
0
0.010207232
0.005111807999999977
0.01020723199999996
0.005111807999999977
0
0
0
0
0.005111807999999952
0.005111807999999952
0.005111807999999952
0.005111807999999984
0.00511180799999998
0.01020723199999993
0.01020723199999998
0.01020723199999993
0.01020723199999993
0.005111807999999968
0.005111807999999966
0.005111807999999984
0
0.005111807999999984
0.005111807999999966
0.01020723199999994
0.01020723199999994
0.01020723200000002
0.01528627200000002
0.005111807999999958
0.005111807999999973
0.005111807999999975
0.01020723199999994
0.01528627200000002
0.01020723199999999
0.02539520000000009
0.02539520000000008
0
0
0
0
0
0
0.01020723200000006
0.005111807999999978
0.005111807999999976
0
0.01528627199999982
0.005111807999999974
0
0.005111807999999951
0.005111807999999951
0.005111807999999964
0.01528627199999994
0.02539520000000012
0.02034892800000026
0.03543859199999952
0.01528627199999977
0.005111807999999979
0.005111807999999997
0.005111807999999981
0
0
0
0
0.01020723199999989
0
0.005111807999999987
0.01020723200000001
0.005111807999999983
0.005111807999999982
0.005111807999999982
0.005111807999999982
0.01020723199999993
0.01020723200000003
0.005111807999999994
0.01528627199999996
0.0102072320000001
0.01020723200000002
0
0.0102072319999999
0.02034892800000012
0.0102072319999999
0.01528627199999968
0.01528627199999984
0.01020723199999999
0.005111807999999957
0
0.005111807999999969
0
0.01528627199999988
0.005111807999999959
0
0
0
0.01528627199999995
0.01528627199999995
0.01528627199999964
0.005111807999999958
0.01020723199999984
0.01528627199999964
0.0203489280000003
0.02539520000000016
0.01528627199999987
0.01020723199999986
0
0
0.01020723199999999
0.01528627199999997
0.01528627200000004
0.01020723199999995
0.005111807999999978
0
0
0
0.005111807999999966
0
0
0.01020723199999997
0.01528627200000002
0.005111807999999956
0.005111807999999956
0
0.01020723199999993
0.005111807999999995
0.01528627199999999
0.01528627199999999
0.02034892800000019
0.005111807999999957
0
0
0
0
0
0.01020723199999995
0.005111807999999973
0
0
0
0.005111807999999995
0
0.005111807999999997
0.005111807999999997
0.01020723199999988
0.01020723199999997
0.00511180799999998
0
0
0
0.005111807999999972
0.01528627200000014
0.0102072320000001
0.005111807999999995
0.005111807999999973
0.005111807999999952
0.005111807999999974
0
0.005111807999999962
0.005111807999999962
0.005111807999999962
0.01528627200000004
0
0
0
0.005111807999999981
0.01020723199999998
0
0
0.005111807999999968
0.01020723199999999
0.005111807999999965
0.01020723199999986
0.005111807999999964
0.01020723199999985
0.005111807999999998
0.0152862720000002
0.01528627200000003
0.02034892799999998
0.01020723200000004
0.005111807999999981
0.01528627199999994
0.01020723199999999
0.010207232
0.01020723199999989
0.00511180799999997
0
0
0.005111807999999973
0.005111807999999973
0.01020723200000003
0.00511180799999997
0.01528627199999976
0.02034892800000036
0.01528627200000009
0.02034892800000005
0
0
0.01020723199999994
0
0
0.01528627199999996
0.02034892800000011
0.02539520000000015
0.01528627199999994
0.00511180799999999
0.01020723199999999
0.005111807999999976
0
0
0
0
0
0.005111807999999968
0.005111807999999993
0
0
0.005111807999999969
0
0
0
0
0.005111807999999976
0
0.005111807999999991
0.01528627199999997
0.005111807999999991
0
0
0.01020723200000008
0
0.01020723199999993
0.01020723199999993
0.005111807999999976
0.005111807999999976
0.005111807999999976
0.01020723199999993
0.01528627199999992
0.03543859199999955
0.02539520000000014
0.02539520000000014
0.01528627199999987
0
0.005111807999999983
0.005111807999999985
0.005111807999999989
0
0.00511180799999997
0
0
0.005111807999999964
0.005111807999999991
0
0.02034892800000017
0.02539520000000011
0.01020723200000001
0.005111807999999984
0.005111807999999971
0.005111807999999988
0.005111807999999988
0.0102072319999999
0.02034892800000034
0.01020723200000001
0.005111807999999983
0
0
0.01020723199999998
0.005111807999999976
0.01020723200000001
0.005111807999999967
0
0
0.005111807999999994
0.005111807999999994
0
0
0
0
0
0
0
0.005111807999999964
0.01020723200000004
0.005111807999999976
0.01020723199999999
0.01020723199999993
0.01528627199999978
0.005111807999999969
0.01020723199999991
0
0.005111807999999953
0.005111807999999987
0.005111807999999987
0
0
0
0
0.005111807999999958
0
0.01528627200000012
0.01020723199999992
0.01020723199999992
0.005111807999999979
0
0
0
0
0
0
0
0
0
0.005111807999999989
0.005111807999999982
0.01528627199999998
0.01020723199999995
0.01020723200000007
0
0.00511180799999997
0.01020723199999991
0.01528627199999979
0.005111807999999974
0.01020723199999986
0.005111807999999963
0.01020723199999993
0.00511180799999997
0.005111807999999972
0
0
0
0.01020723199999992
0.005111807999999971
0.0152862719999998
0
0
0
0.01528627199999992
0.02539520000000018
0.01020723199999993
0.01020723199999993
0.01020723200000001
0
0
0
0.01020723199999985
0.005111807999999959
0.01020723200000005
0
0.01020723200000001
0.005111807999999986
0.005111807999999998
0.01020723199999986
0.01528627199999988
0.005111807999999976
0.005111807999999976
0
0.005111807999999997
0.005111807999999962
0
0
0.005111807999999962
0
0
0
0
0.005111807999999976
0
0.005111807999999991
0
0.01020723199999988
0.005111807999999966
0.0102072320000001
0.01528627200000015
0.01528627199999991
0.010207232
0.01020723200000003
0
0.00511180799999999
0.01020723199999998
0.01020723199999999
0.005111807999999983
0.005111807999999958
0
0.005111807999999993
0.005111807999999978
0.005111807999999959
0
0.005111807999999994
0
0
0.005111807999999995
0.005111807999999995
0.01528627200000001
0.02034892800000015
0.00511180799999998
0
0
0.01020723200000006
0
0.005111807999999995
0
0
0.01528627200000007
0.02034892800000023
0.02034892800000005
0.015286272
0.01020723199999994
0.01528627199999987
0.02034892800000022
0.005111807999999964
0.005111807999999964
0.005111807999999964
0.01020723199999986
0.02034892800000031
0.01528627199999982
0.005111807999999975
0.005111807999999959
0
0
0.005111807999999961
0
0.005111807999999966
0.01020723199999994
0
0.005111807999999969
0
0
0.01528627199999994
0.005111807999999985
0
0
0
0
0.005111807999999989
0.01020723199999998
0.01020723199999997
0.01528627200000003
0.02539520000000012
0.005111807999999986
0.005111807999999986
0.02034892800000016
0.01528627199999989
0.02539520000000011
0.0152862719999999
0.02539520000000016
0.005111807999999965
0.01528627200000002
0.02034892800000004
0.01528627200000001
0.01528627200000002
0.01528627200000011
0.02034892800000016
0.005111807999999964
0.005111807999999964
0.0102072319999999
0
0
0.005111807999999971
0.005111807999999983
0.01528627199999981
0.005111807999999974
0.01020723200000011
0.005111807999999982
0
0.005111807999999999
0.005111807999999959
0.005111807999999989
0.005111807999999989
0
0.01020723200000002
0.02034892800000011
0.01020723200000013
0.005111807999999995
0
0.00511180799999998
0.005111807999999989
0
0
0
0
0.01020723200000001
0.005111807999999991
0.005111807999999991
0.005111807999999966
0.005111807999999987
0.02539520000000009
0.01020723200000008
0.005111807999999961
0.005111807999999961
0
0
0
0.01020723199999996
0.01528627199999978
0
0
0
0
0
0.01020723199999999
0
0
0.005111807999999964
0
0
0
0
0.01020723199999996
0.01020723200000005
0.01020723199999992
0.00511180799999998
0
0
0.005111807999999973
0
0
0
0
0
0.005111807999999964
0
0
0
0
0
0.005111807999999957
0.005111807999999968
0.005111807999999968
0.005111807999999968
0.005111807999999968
0
0.005111807999999955
0
0.005111807999999994
0.005111807999999953
0.01020723199999998
0
0.005111807999999965
0
0
0
0
0.005111807999999963
0
0.005111807999999966
0
0.005111807999999966
0
0
0.01020723199999997
0.005111807999999984
0.005111807999999981
0
0.005111807999999958
0
0
0
0.005111807999999962
0.005111807999999962
0.005111807999999959
0
0
0.005111807999999982
0.005111807999999999
0
0.005111807999999963
0.005111807999999955
0.0102072319999999
0.005111807999999956
0.005111807999999956
0.01020723199999995
0.01020723200000006
0.005111807999999999
0
0.005111807999999969
0
0.005111807999999958
0.005111807999999958
0.01020723199999985
0.01528627199999965
0.005111807999999958
0.005111807999999958
0.01020723199999989
0.01020723200000008
0.01020723200000004
0.005111807999999959
0.01528627199999981
0.01020723199999984
0.005111807999999959
0.005111807999999991
0
0
0
0.005111807999999983
0.01528627199999982
0.02034892800000025
0.01020723199999999
0
0
0
0.005111807999999983
0.005111807999999983
0.01528627200000001
0.01020723200000009
0.01020723199999989
0.01020723199999989
0.01020723199999989
0.01020723199999989
0.01020723200000002
0.01020723200000001
0.01020723200000001
0.01528627200000001
0.01020723200000005
0
0.01020723199999996
0
0
0.01020723199999999
0.005111807999999996
0
0
0.01528627199999984
0.005111807999999989
0
0.00511180799999997
0
0
0.005111807999999989
0.005111807999999968
0.01020723199999997
0.005111807999999982
0.005111807999999969
0.005111807999999969
0
0
0.005111807999999976
0.01528627199999982
0.0152862719999998
0.01528627199999985
0.005111807999999997
0.005111807999999997
0.01528627200000003
0.02034892799999997
0.02034892799999998
0.01020723199999993
0.0404357119999998
0.01020723199999996
0
0
0.01528627199999993
0.01020723199999983
0.01020723200000015
0.020348928
0.02034892799999997
0.02539520000000019
0.01528627199999986
0
0
0
0.005111807999999999
0
0
0.01528627199999996
0.00511180799999999
0.01528627200000009
0.015286272
0.02034892800000022
0.0253952000000001
0.01020723199999992
0.01020723200000007
0
0
0.005111807999999956
0.01020723200000001
0.005111807999999963
0.01020723199999988
0.01528627199999965
0.02034892800000048
0.01020723200000009
0.01528627200000007
0.005111807999999955
0
0
0.005111807999999999
0.02034892799999995
0
0.005111807999999986
0.005111807999999986
0
0.005111807999999953
0.005111807999999953
0.01020723199999999
0.01020723199999999
0.0102072319999999
0.005111807999999964
0.005111807999999987
0.005111807999999987
0.01528627200000003
0.01528627199999994
0.005111807999999994
0
0.01020723199999997
0.01528627199999993
0.01020723200000003
0.00511180799999999
0
0.005111807999999987
0.01020723200000001
0.01020723199999999
0.005111807999999999
0.010207232
0.005111807999999999
0
0
0
0
0.01020723200000007
0.005111807999999977
0.02034892800000027
0.01020723199999997
0.02034892800000022
0.02539520000000008
0.02034892800000029
0
0
0
0
0.01020723200000001
0.005111807999999982
0
0
0
0
0.01020723199999997
0.01528627199999992
0.01020723199999996
0.01020723200000002
0.02034892800000047
0.01020723199999987
0.005111807999999963
0.005111807999999987
0.01020723199999996
0.005111807999999966
0.005111807999999963
0
0.01020723199999996
0.01528627200000007
0.005111807999999999
0
0.01020723199999993
0
0
0
0
0
0
0
0.01020723200000005
0.02034892800000037
0.01528627199999972
0
0.01528627199999996
0.0152862719999999
0
0
0
0
0
0.005111807999999955
0
0
0.01020723200000001
0.005111807999999998
0.02539520000000013
0.02034892800000059
0.005111807999999955
0.005111807999999956
0.005111807999999994
0.005111807999999969
0.005111807999999982
0.01020723199999995
0.00511180799999998
0.00511180799999998
0
0
0
0
0.01020723199999982
0.01020723199999981
0.01020723199999998
0.005111807999999985
0
0
0.01020723199999987
0.005111807999999967
0
0
0
0.01528627200000003
0.02539520000000006
0.03042508799999993
0.01528627199999997
0.00511180799999998
0.00511180799999998
0.01020723200000009
0.01020723200000009
0.02539520000000011
0.01528627199999973
0.01020723200000004
0.01528627199999991
0.01020723199999997
0.01020723199999984
0
0.00511180799999997
0.01528627199999972
0.0203489280000006
0.01020723199999981
0.01528627199999957
0.01020723200000006
0
0
0.005111807999999987
0.01020723199999997
0.01528627199999993
0.005111807999999989
0.005111807999999989
0.005111807999999978
0.01020723199999995
0.01528627200000002
0.01020723200000008
0.00511180799999999
0.00511180799999999
0.01020723200000002
0
0.01020723199999991
0.005111807999999973
0
0
0.01528627200000007
0.01020723199999993
0.00511180799999998
0.01020723199999997
0
0.01020723200000002
0
0.01020723200000009
0.005111807999999962
0.01020723199999999
0.005111807999999997
0
0
0.005111807999999989
0.005111807999999989
0.01528627200000006
0.01020723199999996
0.01020723200000002
0.005111807999999995
0.005111807999999988
0.005111807999999993
0.005111807999999956
0.005111807999999956
0.005111807999999956
0
0.01020723200000003
0
0.01020723199999999
0.02034892800000024
0.01020723200000006
0
0
0
0
0
0
0.005111807999999976
0
0
0
0.005111807999999956
0.02034892800000056
0.005111807999999956
0.01020723200000004
0
0
0.01020723199999994
0.01528627199999997
0.00511180799999998
0
0
0
0
0.005111807999999973
0.005111807999999974
0.005111807999999974
0
0
0.005111807999999965
0
0.01020723199999993
0.005111807999999972
0.005111807999999972
0
0
0
0.01528627199999968
0.01528627199999969
0.01528627199999973
0.005111807999999999
0.01020723200000005
0.005111807999999999
0
0.005111807999999961
0.01020723199999985
0.005111807999999961
0
0.005111807999999966
0.01020723199999994
0
0
0
0.01020723200000009
0.01020723200000009
0
0
0
0
0.01020723200000006
0.005111807999999996
0.005111807999999976
0
0.01020723199999999
0.0253952000000002
0.01020723199999991
0.005111807999999976
0.005111807999999976
0.01528627200000002
0
0
0
0.005111807999999967
0.0102072320000001
0
0
0
0.01528627200000007
0.01020723200000005
0.01020723199999992
0.005111807999999978
0
0.005111807999999984
0.005111807999999953
0
0.005111807999999997
0
0.005111807999999979
0.01528627199999992
0.01020723199999994
0
0
0
0
0
0
0
0.01020723200000001
0.005111807999999968
0.005111807999999968
0
0
0.005111807999999958
0
0.005111807999999983
0
0
0
0.005111807999999974
0.005111807999999955
0.01528627199999969
0.01528627200000012
0
0.01020723199999999
0.01020723199999996
0.005111807999999978
0
0.01020723199999999
0
0.01020723200000004
0.005111807999999981
0.01020723200000001
0.005111807999999985
0.01020723200000003
0.005111807999999999
0.005111807999999983
0.005111807999999976
0.01020723199999992
0
0.005111807999999952
0.01020723200000003
0.0152862719999999
0.01528627199999993
0.01020723199999999
0.015286272
0.01020723200000005
0.01528627200000009
0.01020723200000003
0
0.01020723199999984
0.005111807999999972
0
0.01020723199999996
0
0
0
0
0.00511180799999997
0.00511180799999997
0.01528627199999997
0.005111807999999994
0
0
0
0.005111807999999976
0.01528627199999979
0.0203489280000003
0.02034892800000028
0.005111807999999973
0.005111807999999994
0.01020723199999999
0
0
0
0.01020723200000002
0.01020723199999992
0.01528627199999973
0.01528627199999975
0.005111807999999971
0.005111807999999955
0.005111807999999955
0.005111807999999955
0
0
0.01528627199999999
0.02034892800000008
0.01020723200000006
0
0.0102072320000001
0.01020723200000001
0.005111807999999973
0.005111807999999973
0.005111807999999966
0.005111807999999966
0
0
0.005111807999999974
0.01528627199999982
0.01020723199999997
0.02034892800000059
0.02034892800000023
0.01528627200000023
0
0.005111807999999999
0
0
0
0.005111807999999956
0
0
0.005111807999999991
0.005111807999999971
0
0.005111807999999976
0
0
0
0
0
0
0
0
0.005111807999999971
0.01020723199999992
0.005111807999999963
0.005111807999999963
0.01020723199999987
0.005111807999999963
0
0
0.01528627199999985
0.01528627199999985
0.005111807999999976
0.005111807999999976
0.005111807999999976
0.005111807999999989
0
0
0.00511180799999998
0.01020723200000012
0.01528627200000004
0.01020723200000005
0
0
0.01528627200000012
0.005111807999999959
0.005111807999999993
0
0.00511180799999999
0
0.01020723200000007
0.005111807999999999
0
0.005111807999999961
0
0
0
0
0.005111807999999963
0.005111807999999963
0
0.01020723200000013
0
0
0
0.005111807999999964
0.01020723199999988
0
0.005111807999999992
0.005111807999999976
0.01020723199999991
0.010207232
0
0
0.005111807999999963
0.005111807999999963
0
0.005111807999999959
0
0.01020723200000007
0
0
0.005111807999999996
0.01020723200000006
0
0
0.01020723199999991
0.01020723199999991
0.005111807999999955
0.010207232
0.005111807999999987
0
0
0.005111807999999991
0
0
0.005111807999999983
0
0
0
0
0.005111807999999958
0.005111807999999997
0
0.005111807999999984
0.01020723199999994
0.005111807999999968
0
0
0
0.0102072319999999
0.005111807999999971
0.005111807999999967
0.005111807999999955
0
0
0.005111807999999968
0.005111807999999955
0.005111807999999969
0.01020723200000001
0.005111807999999986
0.0152862719999999
0.01020723199999995
0.005111807999999987
0.00511180799999997
0.00511180799999997
0.00511180799999997
0.01528627199999973
0.02034892800000015
0
0
0.005111807999999993
0.01528627199999997
0.005111807999999993
0
0.01528627199999996
0
0
0
0
0
0.005111807999999974
0.01020723199999995
0.01528627200000008
0.005111807999999997
0.01528627199999999
0.01020723200000014
0.01020723200000014
0.005111807999999995
0.01528627200000006
0.00511180799999997
0.01020723199999998
0
0.005111807999999974
0.005111807999999969
0.01528627200000001
0.01020723200000002
0.01020723199999996
0.005111807999999999
0
0.005111807999999994
0.005111807999999994
0
0.005111807999999969
0.01528627199999981
0.005111807999999976
0.005111807999999974
0
0
0
0
0.01528627199999996
0.02034892800000007
0.01528627200000006
0.005111807999999992
0
0.01020723199999988
0
0
0
0.01528627200000002
0.01020723200000011
0.01020723200000011
0.01020723199999995
0.005111807999999957
0.01528627199999973
0.03042508800000041
0.01528627200000014
0.01020723199999983
0.01020723199999983
0.005111807999999954
0.01020723200000015
0
0.005111807999999983
0.01020723199999994
0.005111807999999983
0
0.01020723199999996
0.01020723199999996
0
0.01020723199999998
0
0.01020723200000005
0.01528627200000002
0.005111807999999997
0.005111807999999997
0.01020723200000011
0.02034892800000016
0.005111807999999987
0.0102072319999999
0
0.005111807999999978
0
0
0.005111807999999969
0.005111807999999956
0
0
0.0102072320000001
0.01528627199999994
0.01020723199999998
0.005111807999999993
0.00511180799999999
0.005111807999999995
0
0
0
0.01528627199999971
0.01528627199999971
0.02034892800000033
0.01020723199999998
0
0
0.005111807999999968
0
0.005111807999999982
0.01020723199999999
0.015286272
0.02539520000000007
0.02034892800000015
0.01528627199999997
0.01020723199999998
0
0
0.005111807999999972
0.01020723199999999
0.01020723199999996
0.01020723200000005
0.01020723199999993
0.01528627199999998
0.01528627200000002
0.02539520000000014
0.01020723199999989
0.02034892800000039
0
0
0.005111807999999976
0.01528627199999979
0.01020723199999993
0.01020723199999999
0.00511180799999998
0
0
0
0.005111807999999969
0.01020723199999993
0
0.005111807999999976
0.005111807999999976
0.00511180799999997
0.00511180799999997
0.005111807999999986
0
0
0.01528627199999986
0.02034892800000042
0.005111807999999952
0.005111807999999982
0
0.005111807999999963
0
0
0.01020723199999996
0.00511180799999999
0.01020723200000001
0.005111807999999996
0
0.005111807999999967
0
0.005111807999999984
0.01528627200000002
0.02034892800000016
0.01020723200000007
0.01020723199999992
0.01020723199999992
0.01020723199999994
0.005111807999999976
0
0
0
0
0
0.005111807999999975
0
0
0.005111807999999955
0
0.005111807999999996
0
0.005111807999999976
0
0.005111807999999954
0
0
0.005111807999999991
0
0
0
0
0.005111807999999999
0.02034892800000035
0.01020723200000003
0.005111807999999972
0.01528627199999985
0.0203489280000003
0.01020723199999998
0.01020723200000004
0.005111807999999996
0.005111807999999996
0.005111807999999996
0
0.005111807999999963
0.01020723200000003
0.01020723200000003
0.01020723199999985
0.01020723199999998
0
0.00511180799999996
0.01020723200000001
0
0.005111807999999987
0
0
0.005111807999999958
0.01528627199999989
0.01020723200000005
0.005111807999999978
0.005111807999999978
0
0.01020723200000011
0.02034892800000021
0.005111807999999955
0.01528627199999973
0.01020723199999989
0.01020723199999989
0.005111807999999975
0.0152862719999999
0
0.00511180799999998
0
0
0.01020723199999999
0.01020723199999998
0.005111807999999975
0.005111807999999975
0
0.005111807999999963
0
0.00511180799999999
0.01528627199999995
0.01020723199999997
0.005111807999999976
0.005111807999999976
0.01020723199999992
0.005111807999999978
0
0.01020723199999983
0.005111807999999956
0
0.01020723199999999
0.01020723199999999
0.01020723199999982
0.01528627199999961
0
0
0
0.01528627199999988
0.03042508799999996
0.01528627200000009
0.01020723199999989
0.005111807999999961
0
0.005111807999999951
0.005111807999999951
0.005111807999999951
0
0
0.01528627199999992
0.010207232
0.005111807999999965
0.01020723199999987
0.005111807999999965
0.005111807999999983
0
0.01020723199999997
0.005111807999999983
0
0.005111807999999972
0.005111807999999956
0.005111807999999995
0.01020723199999997
0.005111807999999982
0
0.02034892800000055
0.02539520000000016
0.01528627199999983
0.01528627199999987
0.01020723199999993
0.01020723199999995
0.02539520000000014
0.01528627199999981
0.02034892800000006
0.02034892800000007
0
0.01020723200000001
0.005111807999999969
0.005111807999999954
0.005111807999999986
0.005111807999999983
0.01528627199999987
0.02034892800000031
0.005111807999999963
0.01020723199999985
0.01020723199999989
0
0
0.0102072319999999
0.005111807999999974
0.005111807999999959
0.005111807999999957
0
0.005111807999999959
0.005111807999999959
0.01528627199999996
0.005111807999999966
0.01020723200000009
0
0
0.005111807999999952
0.01020723199999983
0.01020723200000008
0.00511180799999999
0.01020723199999998
0.005111807999999993
0
0.005111807999999989
0.005111807999999989
0.01020723200000006
0.005111807999999993
0.010207232
0.005111807999999993
0.005111807999999993
0.01020723199999996
0.005111807999999973
0.005111807999999962
0.02034892800000006
0.01020723199999997
0.02034892800000004
0.02539520000000011
0.030425088
0.01020723199999999
0.005111807999999983
0.005111807999999969
0.01528627199999999
0.01528627199999997
0.005111807999999991
0
0.01020723199999987
0.01020723199999982
0.005111807999999974
0
0.01020723199999988
0.01528627199999971
0.005111807999999957
0.005111807999999957
0.01020723200000013
0.01020723199999983
0.005111807999999952
0.01528627199999975
0.005111807999999952
0.005111807999999984
0.005111807999999988
0
0
0
0
0.005111807999999956
0.005111807999999987
0.01528627199999996
0.01528627199999986
0.005111807999999995
0.01528627200000001
0.01528627199999993
0
0.005111807999999988
0.005111807999999962
0.005111807999999962
0.005111807999999963
0.01528627199999985
0.01528627199999981
0.01020723200000005
0.005111807999999998
0
0
0
0
0
0
0.01020723199999995
0
0.005111807999999976
0.01020723199999991
0
0
0.01020723200000015
0.01020723200000011
0.005111807999999989
0.01020723199999998
0.0253952000000001
0.010207232
0.01528627200000002
0.005111807999999969
0
0
0
0.005111807999999979
0.005111807999999966
0
0
0.01020723200000004
0.005111807999999997
0.020348928
0.01528627200000002
0.005111807999999997
0
0.005111807999999983
0
0.005111807999999973
0
0.005111807999999999
0
0.005111807999999952
0.0152862719999999
0.00511180799999999
0
0
0.005111807999999982
0.005111807999999982
0.0102072320000001
0.005111807999999995
0
0.005111807999999955
0
0.005111807999999974
0.005111807999999974
0.005111807999999956
0.03042508799999998
0.02034892800000016
0.01528627199999993
0.005111807999999984
0.005111807999999984
0
0
0
0.01020723199999984
0
0.01020723199999989
0.01528627199999971
0.005111807999999952
