0.024
0.1424
0.4176
0.6384
0.792
0.8528
0.888
0.92
0.9424
0.92
0.9648
0.9808
0.9808
0.9808
0.952
0.9552
0.968
0.9776
0.9616
0.9424
0.9392
0.9712
0.9808
0.9744
0.9584
0.968
0.9776
0.968
0.9488
0.9456
0.9392
0.9616
0.9744
0.9744
0.952
0.952
0.9424
0.9584
0.9456
0.9648
0.9584
0.9584
0.952
0.9744
0.968
0.9744
0.9648
0.9648
0.968
0.968
0.9648
0.9456
0.9712
0.9584
0.9584
0.9744
0.9584
0.9392
0.9328
0.952
0.9552
0.9424
0.968
0.9712
0.9776
0.9712
0.9552
0.9584
0.9648
0.9424
0.9584
0.9584
0.9328
0.9552
0.9488
0.9808
0.9584
0.984
0.968
0.9712
0.9648
0.9616
0.9648
0.9616
0.9584
0.968
0.9776
0.9456
0.984
0.9616
0.9488
0.9712
0.9456
0.9552
0.984
0.9808
0.9712
0.968
0.9712
0.968
0.9648
0.9584
0.9648
0.9392
0.9584
0.9616
0.9648
0.9648
0.9488
0.9328
0.9584
0.9648
0.952
0.9776
0.9744
0.9712
0.9424
0.9712
0.968
0.9648
0.9456
0.9360000000000001
0.9392
0.952
0.984
0.9712
0.984
0.9808
0.9744
0.9616
0.968
0.9648
0.9616
0.9808
0.968
0.9616
0.9744
0.9776
0.9744
0.9584
0.9616
0.9488
0.9872
0.9808
0.9648
0.9552
0.968
0.9712
0.9744
0.968
0.952
0.968
0.9392
0.9488
0.9648
0.9744
0.9776
0.968
0.9776
0.9584
0.9744
0.9552
0.9712
0.968
0.968
0.968
0.9744
0.9648
0.9744
0.9808
0.952
0.9424
0.952
0.9488
0.9776
0.9616
0.9552
0.9424
0.952
0.9744
0.968
0.9744
0.984
0.9648
0.9776
0.9744
0.9744
0.9552
0.9552
0.9616
0.9584
0.968
0.968
0.9648
0.9584
0.952
0.9392
0.9648
0.968
0.9712
0.9648
0.968
0.9808
0.968
0.968
0.9424
0.9552
0.9584
0.9584
0.9552
0.952
0.9392
0.9296
0.9456
0.9424
0.9648
0.9776
0.9712
0.9712
0.9744
0.9616
0.9392
0.952
0.9552
0.9744
0.9616
0.9648
0.968
0.9712
0.9392
0.9328
0.9456
0.9616
0.9584
0.952
0.9584
0.9584
0.9648
0.9552
0.9872
0.984
0.9808
0.984
0.984
0.9616
0.9648
0.984
0.984
0.9776
0.9648
0.9808
0.9808
0.9808
0.9872
0.9776
0.9648
0.9616
0.9424
0.9712
0.9712
0.9648
0.9648
0.9360000000000001
0.9584
0.9744
0.9808
0.9808
0.968
0.9744
0.9744
0.9552
0.952
0.9584
0.9712
0.9648
0.9552
0.9392
0.9328
0.9584
0.9552
0.952
0.9648
0.9488
0.9488
0.9712
0.984
0.9648
0.9648
0.9648
0.968
0.9616
0.9776
0.968
0.9648
0.952
0.9552
0.9648
0.9712
0.9648
0.9744
0.9744
0.9712
0.968
0.968
0.9552
0.9584
0.9648
0.9616
0.9552
0.9552
0.9392
0.9360000000000001
0.968
0.9744
0.968
0.968
0.9808
0.9903999999999999
0.9872
0.9872
0.9744
0.9648
0.9488
0.9456
0.9456
0.9552
0.9616
0.968
0.9456
0.9552
0.9456
0.9552
0.9488
0.9552
0.952
0.9392
0.9488
0.9616
0.9584
0.9456
0.952
0.9648
0.9584
0.9552
0.9616
0.9488
0.9488
0.9392
0.9456
0.9648
0.9648
0.9744
0.9616
0.9552
0.9552
0.9712
0.9744
0.9744
0.9648
0.952
0.9616
0.9456
0.9584
0.9648
0.984
0.984
0.9808
0.968
0.9552
0.9360000000000001
0.9456
0.9456
0.9744
0.9648
0.9584
0.952
0.9552
0.968
0.9712
0.968
0.9584
0.9488
0.9648
0.9648
0.9744
0.9712
0.9584
0.9488
0.9648
0.9552
0.9712
0.9488
0.9552
0.968
0.9744
0.9712
0.9744
0.9584
0.9712
0.9776
0.9616
0.9872
0.9872
0.9744
0.9616
0.9552
0.9584
0.9616
0.9488
0.9264
0.9392
0.9552
0.9744
0.9616
0.9360000000000001
0.952
0.9616
0.9648
0.9776
0.9776
0.984
0.984
0.9552
0.9776
0.9712
0.968
0.9808
0.9584
0.952
0.9808
0.9712
0.9616
0.9552
0.9584
0.9648
0.9712
0.968
0.9648
0.9712
0.9776
0.9552
0.9712
0.9584
0.952
0.9616
0.9456
0.9552
0.9488
0.952
0.9552
0.9456
0.9392
0.9424
0.9552
0.9584
0.968
0.9872
0.952
0.968
0.968
0.9584
0.9744
0.9616
0.9744
0.9808
0.968
0.9712
0.9808
0.9903999999999999
0.9712
0.9648
0.9488
0.9648
0.9744
0.984
0.9648
0.9456
0.9392
0.9392
0.9456
0.9584
0.9712
0.9424
0.9456
0.9488
0.9712
0.9616
0.9712
0.9584
0.9456
0.9360000000000001
0.9328
0.9328
0.9488
0.9808
0.9648
0.9648
0.9488
0.9488
0.952
0.968
0.9488
0.9584
0.968
0.9584
0.968
0.9584
0.9744
0.952
0.952
0.9456
0.9552
0.9456
0.9616
0.9456
0.9456
0.9488
0.9584
0.9584
0.9552
0.968
0.9648
0.968
0.9776
0.9488
0.9424
0.952
0.9552
0.9552
0.9712
0.9616
0.9616
0.9712
0.9616
0.968
0.9712
0.968
0.9584
0.952
0.9616
0.9584
0.9424
0.9488
0.968
0.9488
0.9392
0.952
0.9456
0.952
0.9552
0.9488
0.9488
0.952
0.9552
0.9424
0.952
0.9616
0.9648
0.952
0.9456
0.9616
0.9648
0.9616
0.9584
0.9456
0.9072
0.9456
0.9392
0.9584
0.9552
0.9744
0.9552
0.968
0.9488
0.9744
0.952
0.9776
0.968
0.952
0.9584
0.968
0.9616
0.9712
0.968
0.9648
0.968
0.9744
0.9744
0.9712
0.9744
0.9616
0.9584
0.9616
0.968
0.9712
0.9648
0.9488
0.9776
0.9744
0.9712
0.9872
0.9808
0.9776
0.9648
0.9744
0.968
0.9776
0.9808
0.9776
0.9712
0.968
0.9776
0.9456
0.9616
0.9616
0.9712
0.968
0.9776
0.9552
0.9488
0.9552
0.9616
0.9584
0.952
0.9648
0.9424
0.9808
0.9712
0.9776
0.9744
0.9744
0.9552
0.9584
0.9648
0.9584
0.952
0.9552
0.9360000000000001
0.9616
0.9552
0.9552
0.968
0.9712
0.9552
0.9584
0.9648
0.9584
0.9584
0.9616
0.968
0.9776
0.9903999999999999
0.9616
0.968
0.9808
0.9808
0.968
0.9712
0.968
0.984
0.9584
0.9616
0.9648
0.9648
0.9584
0.968
0.9776
0.9488
0.9616
0.9552
0.9552
0.968
0.9744
0.9712
0.9808
0.9744
0.9648
0.9808
0.9744
0.9648
0.9712
0.968
0.968
0.9488
0.9648
0.9552
0.9552
0.9424
0.9552
0.9392
0.9456
0.952
0.9456
0.9328
0.9744
0.9712
0.9488
0.9552
0.9552
0.9488
0.968
0.9488
0.9456
0.9424
0.9648
0.968
0.9872
0.968
0.9744
0.9903999999999999
0.9776
0.9872
0.968
0.968
0.9584
0.9616
0.9648
0.9552
0.968
0.9616
0.9648
0.9616
0.968
0.968
0.9616
0.9488
0.9616
0.9648
0.9648
0.9552
0.9584
0.9584
0.9616
0.952
0.9552
0.9648
0.952
0.9584
0.9584
0.9712
0.9776
0.984
0.9712
0.9648
0.9808
0.9776
0.9712
0.968
0.9648
0.9616
0.9616
0.9712
0.9616
0.9616
0.9744
0.968
0.9328
0.952
0.9648
0.9488
0.9584
0.9488
0.9456
0.9392
0.9552
0.9488
0.9456
0.9264
0.9456
0.952
0.9648
0.9552
0.9584
0.9232
0.9296
0.9360000000000001
0.9648
0.9616
0.9424
0.9584
0.952
0.9424
0.9392
0.9552
0.9328
0.9648
0.9744
0.9584
0.9616
0.9872
0.9808
0.9584
0.9776
0.9744
0.9808
0.9808
0.9712
0.9936
0.9712
0.9936
0.9616
0.9424
0.9584
0.9616
0.9456
0.9296
0.9424
0.9808
0.984
0.9552
0.9488
0.9584
0.9744
0.9776
0.984
0.9872
0.9776
0.9808
0.9903999999999999
0.9616
0.9584
0.9616
0.9360000000000001
0.9392
0.9552
0.9648
0.968
0.9616
0.9552
0.9552
0.9456
0.9488
0.9424
0.9328
0.9232
0.9488
0.9616
0.9648
0.9552
0.9552
0.9616
0.9616
0.9648
0.9648
0.984
0.9808
0.9648
0.9552
0.9584
0.9616
0.9616
0.968
0.9776
0.9584
0.952
0.9616
0.9712
0.9712
0.984
0.984
0.968
0.968
0.9552
0.968
0.9584
0.9616
0.9552
0.9648
0.9712
0.9744
0.9552
0.9744
0.9712
0.9456
0.9424
0.9456
0.9328
0.968
0.952
0.9488
0.952
0.9488
0.9584
0.9167999999999999
0.9456
0.952
0.9392
0.9648
0.9424
0.9456
0.9424
0.9328
0.952
0.9488
0.9488
0.9648
0.9584
0.968
0.9808
0.984
0.9808
0.9744
0.968
0.9584
0.968
0.968
0.9616
0.9424
0.9424
0.952
0.9552
0.9488
0.9360000000000001
0.952
0.9712
0.9584
0.9584
0.9456
0.9424
0.9488
0.9616
0.9616
0.952
0.9584
0.9648
0.968
0.9552
0.9648
0.968
0.984
0.984
0.9872
0.9744
0.9744
0.9903999999999999
0.9968
0.9488
0.9616
0.9872
0.952
0.9744
0.9616
0.968
0.984
0.9776
0.984
0.9872
0.9744
0.952
0.9488
0.9456
0.9392
0.968
0.9776
0.9616
0.9488
0.9584
0.9648
0.9488
0.9648
0.9616
0.9744
0.9776
0.9616
0.968
0.9328
0.9648
0.9776
0.9616
0.9648
0.9456
0.9648
0.9776
0.9808
0.9776
0.9584
0.9488
0.9456
0.9424
0.9456
0.952
0.9360000000000001
0.9584
0.9616
0.9584
0.9616
0.9584
0.9808
0.9776
0.968
0.968
0.9648
0.9776
0.9712
0.9712
0.968
0.9584
0.9584
0.968
0.984
0.9776
0.9712
0.9776
0.9616
0.9872
0.9616
0.9712
0.9616
0.9456
0.9488
0.984
0.9456
0.9776
0.9776
0.9776
0.9744
0.9616
0.9584
0.9584
0.9616
0.9776
0.9584
0.9616
0.9552
0.9584
0.9296
0.9584
0.968
0.9712
0.9776
0.9648
0.952
0.9648
0.9616
0.9584
0.9616
0.9584
0.952
0.9424
0.9488
0.9584
0.9584
0.9552
0.968
0.968
0.9424
0.9584
0.9552
0.9616
0.9488
0.9456
0.9424
0.9744
0.9584
0.9616
0.9648
0.9712
0.9584
0.952
0.9584
0.952
0.9648
0.9648
0.9648
0.9616
0.9744
0.952
0.9552
0.9552
0.9424
0.9584
0.968
0.952
0.952
0.9392
0.9584
0.9584
0.952
0.9776
0.9744
0.968
0.9584
0.9584
0.952
0.9616
0.9584
0.968
0.9712
0.968
0.9584
0.9616
0.9616
0.9392
0.9552
0.952
0.952
0.9584
0.9648
0.9712
0.9456
0.9392
0.9584
0.9584
0.968
0.984
0.984
0.9616
0.968
0.9744
0.968
0.9616
0.9648
0.9648
0.9808
0.9872
0.9712
0.9808
0.9808
0.968
0.9712
0.9776
0.9808
0.968
0.9712
0.9744
0.9744
0.9648
0.968
0.9903999999999999
0.9712
0.9776
0.9648
0.9616
0.9424
0.9488
0.9648
0.9584
0.9712
0.984
0.9744
0.9712
0.9744
0.9744
0.9648
0.9808
0.9936
0.968
0.968
0.9360000000000001
0.9488
0.9584
0.9776
0.9616
0.9392
0.9648
0.9712
0.9616
0.9584
0.9616
0.9712
0.9744
0.9456
0.9712
0.9648
0.9712
0.9712
0.9488
0.9584
0.9167999999999999
0.9232
0.9488
0.952
0.9648
0.9616
0.9456
0.952
0.9648
0.9712
0.9776
0.9744
0.9712
0.9744
0.9456
0.9616
0.9488
0.9424
0.9360000000000001
0.9392
0.9488
0.9584
0.952
0.9296
0.952
0.9360000000000001
0.9296
0.9616
0.952
0.9712
0.9488
0.952
0.9488
0.9424
0.9552
0.952
0.9712
0.9744
0.9584
0.9776
0.9584
0.9776
0.968
0.9552
0.9616
0.9648
0.9648
0.9616
0.9456
0.9712
0.9808
0.9648
0.9552
0.9776
0.9712
0.9616
0.9552
0.9584
0.9776
0.9552
0.952
0.9328
0.9392
0.9584
0.9648
0.9744
0.9744
0.9744
0.952
0.9712
0.9648
0.9744
0.9488
0.9584
0.9488
0.9456
0.9360000000000001
0.9488
0.952
0.9648
0.9712
0.9712
0.9776
0.9712
0.9744
0.968
0.9584
0.968
0.9456
0.9616
0.9744
0.9712
0.9744
0.9584
0.9616
0.9552
0.9712
0.9488
0.9648
0.9584
0.9552
0.9488
0.952
0.9712
0.9712
0.9776
0.9744
0.9584
0.9584
0.9712
0.9648
0.9488
0.968
0.9712
0.9616
0.968
0.9616
0.9616
0.9648
0.9648
0.9616
0.968
0.9744
0.9712
0.9744
0.9584
0.9552
0.9552
0.9616
0.9552
0.9424
0.9488
0.968
0.952
0.9328
0.9616
0.9648
0.9584
0.9296
0.9424
0.9616
0.9648
0.9744
0.9808
0.9776
0.9744
0.9808
0.9744
0.9616
0.968
0.9712
0.9488
0.952
0.9648
0.952
0.9776
0.9584
0.9648
0.9584
0.9424
0.9232
0.9552
0.9584
0.9456
0.9328
0.9584
0.9776
0.9552
0.9744
0.9776
0.9616
0.968
0.9584
0.9712
0.952
0.9616
0.952
0.968
0.968
0.9488
0.9712
0.9648
0.9776
0.9744
0.968
0.952
0.952
0.968
0.9648
0.9584
0.9616
0.9584
0.9744
0.9712
0.9776
0.9616
0.9552
0.9776
0.952
0.9648
0.9776
0.9712
0.9808
0.9776
0.984
0.9648
0.9712
0.9584
0.9744
0.9552
0.9776
0.9488
0.9456
0.952
0.9424
0.9552
0.9584
0.968
0.9584
0.9712
0.952
0.9744
0.968
0.9552
0.9584
0.9584
0.9712
0.9456
0.952
0.952
0.9328
0.9424
0.9488
0.9456
0.9392
0.9360000000000001
0.9648
0.968
0.9712
0.9424
0.9456
0.9552
0.9584
0.9744
0.9648
0.968
0.9616
0.9584
0.9584
0.9616
0.9552
0.9552
0.952
0.9488
0.952
0.968
0.9488
0.9776
0.9616
0.9616
0.9808
0.9776
0.9776
0.9744
0.9744
0.9712
0.9744
0.9808
0.9616
0.9712
0.9776
0.968
0.9648
0.952
0.9552
0.9456
0.9616
0.9648
0.9616
0.968
0.9712
0.9776
0.968
0.9712
0.9776
0.9488
0.9328
0.968
0.9744
0.9744
0.968
0.9616
0.968
0.9488
0.9584
0.9648
0.952
0.9584
0.9552
0.9648
0.9616
0.968
0.9808
0.968
0.9648
0.9488
0.9744
0.968
0.9488
0.9328
0.9584
0.9616
0.9456
0.952
0.9744
0.9552
0.9616
0.9584
0.9456
0.9648
0.952
0.9776
0.9744
0.9712
0.9648
0.968
0.9744
0.9744
0.9648
0.9616
0.968
0.968
0.9296
0.9424
0.952
0.9648
0.9808
0.9744
0.9616
0.984
0.9903999999999999
0.9744
0.968
0.9712
0.9712
0.9712
0.9456
0.9392
0.9360000000000001
0.9488
0.9584
0.9584
0.968
0.9552
0.952
0.9488
0.9616
0.9456
0.9648
0.9712
0.9584
0.9488
0.952
0.9424
0.9584
0.9552
0.9648
0.952
0.9456
0.9424
0.9584
0.9456
0.968
0.9744
0.9744
0.9744
0.9712
0.968
0.9712
0.9712
0.952
0.9328
0.952
0.9584
0.9456
0.952
0.9584
0.9648
0.9872
0.9808
0.9744
0.9872
0.984
0.984
0.9648
0.9456
0.952
0.9488
0.968
0.9552
0.9392
0.9392
0.9552
0.9712
0.9648
0.9616
0.9712
0.9744
0.9616
0.9648
0.9392
0.9264
0.9360000000000001
0.9648
0.9776
0.9744
0.9456
0.952
0.9552
0.9616
0.968
0.9456
0.9552
0.9488
0.9232
0.952
0.952
0.9616
0.9424
0.9648
0.9776
0.9648
0.9648
0.9712
0.9584
0.9584
0.9456
0.9488
0.9712
0.9584
0.9648
0.9616
0.9648
0.9584
0.9456
0.9424
0.9648
0.9552
0.9488
0.952
0.9584
0.9616
0.9584
0.9584
0.9648
0.9648
0.9552
0.9392
0.9616
0.952
0.9648
0.9648
0.9552
0.968
0.9392
0.9584
0.9488
0.9584
0.968
0.9648
0.9424
0.9552
0.9456
0.9488
0.9552
0.9648
0.9776
0.9584
0.968
0.9488
0.9648
0.9648
0.9744
0.984
0.9872
0.984
0.984
0.9744
0.952
0.9776
0.9776
0.9488
0.9616
0.9616
0.968
0.9488
0.9488
0.9616
0.968
0.9456
0.9392
0.952
0.9648
0.9744
0.9744
0.9648
0.9648
0.9616
0.9648
0.9616
0.9584
0.9552
0.9360000000000001
0.952
0.9808
0.9776
0.9744
0.9616
0.9264
0.9424
0.9456
0.952
0.9616
0.9744
0.9712
0.9584
0.9616
0.9712
0.9584
0.968
0.9424
0.9616
0.9712
0.9648
0.9648
0.9648
0.9456
0.9648
0.9648
0.9616
0.9616
0.9456
0.9616
0.984
0.9712
0.9776
0.9552
0.9616
0.9616
0.9648
0.9744
0.952
0.952
0.9552
0.952
0.9712
0.9744
0.9903999999999999
0.968
0.9648
0.9392
0.9456
0.952
0.9648
0.952
0.9648
0.9488
0.9616
0.9552
0.9616
0.9552
0.9648
0.9616
0.9712
0.9712
0.9648
0.9712
0.9648
0.9552
0.9584
0.9808
0.9648
0.9648
0.9488
0.9648
0.9456
0.9776
0.9648
0.9776
0.9903999999999999
0.9776
0.9424
0.9776
0.9616
0.9616
0.9616
0.9712
0.9392
0.9296
0.9648
0.9776
0.9903999999999999
0.9744
0.9584
0.968
0.9744
0.9808
0.9776
0.9808
0.9712
0.9776
0.9903999999999999
0.9808
0.9744
0.9552
0.9648
0.9584
0.9712
0.9648
0.9616
0.9616
0.9424
0.9616
0.9712
0.9616
0.968
0.952
0.9648
0.9712
0.9648
0.9584
0.9776
0.952
0.9552
0.9616
0.9488
0.9616
0.9488
0.9616
0.9648
0.9776
0.9648
0.9744
0.9776
0.9712
0.968
0.984
0.9552
0.9616
0.9744
0.9808
0.9648
0.9584
0.9648
0.9776
0.9744
0.9616
0.9584
0.952
0.9552
0.9552
0.952
0.9712
0.9616
0.968
0.9776
0.9776
0.9616
0.968
0.9616
0.9712
0.9456
0.9616
0.9744
0.9616
0.9488
0.9584
0.9424
0.9456
0.9744
0.968
0.9616
0.9456
0.9264
0.9488
0.9808
0.9712
0.9584
0.9616
0.968
0.9648
0.9328
0.9456
0.9744
0.9808
0.9808
0.968
0.9744
0.9648
0.9712
0.9616
0.9808
0.9776
0.9712
0.9360000000000001
0.9552
0.9584
0.9488
0.9712
0.9712
0.9712
0.984
0.984
0.952
0.9584
0.9808
0.9712
0.9712
0.9776
0.968
0.9584
0.9584
0.952
0.9488
0.9712
0.9872
0.984
0.9808
0.9584
0.9328
0.9552
0.9744
0.9584
0.9776
0.9712
0.9552
0.968
0.952
0.9712
0.9744
0.9712
0.9744
0.9712
0.9552
0.952
0.9456
0.9552
0.9584
0.9616
0.968
0.984
0.984
0.984
0.9872
0.9808
0.9552
0.9488
0.9424
0.9552
0.9712
0.9808
0.9712
0.952
0.9552
0.9648
0.9712
0.9552
0.9808
1
0.9744
0.9616
0.9808
0.9424
0.9424
0.9488
0.968
0.9712
0.9552
0.9488
0.9648
0.9744
0.9744
0.9616
0.9648
0.9648
0.9648
0.9584
0.9648
0.9648
0.9456
0.952
0.9648
0.9616
0.9584
0.9552
0.9648
0.9616
0.9648
0.952
0.9648
0.9776
0.9648
0.9744
0.952
0.9712
0.9872
0.9903999999999999
0.9872
0.9712
0.9872
0.9776
0.968
0.9808
0.9808
0.9712
0.9712
0.9552
0.9456
0.9584
0.968
0.9488
0.952
0.952
0.968
0.9552
0.9488
0.9552
0.968
0.9712
0.9712
0.9616
0.9712
0.968
0.9616
0.9424
0.9584
0.9712
0.9584
0.952
0.9488
0.952
0.9616
0.9648
0.984
0.9776
0.9648
0.9616
0.952
0.952
0.9424
0.9584
0.9616
0.9552
0.9744
0.9808
0.9744
0.9776
0.9744
0.9712
0.9616
0.9616
0.952
0.9616
0.952
0.9744
0.9776
0.9776
0.968
0.9552
0.9712
0.9776
0.9712
0.9744
0.968
0.968
0.984
0.9808
0.9744
0.9712
0.9744
0.9744
0.9552
0.9552
0.9424
0.9552
0.9552
0.9648
0.9488
0.9552
0.9456
0.9488
0.9424
0.9616
0.968
0.9584
0.9552
0.9424
0.9584
0.9360000000000001
0.9712
0.9648
0.9744
0.9648
0.984
0.9744
0.9712
0.9776
0.9552
0.9392
0.9584
0.952
0.9616
0.9648
0.9712
0.9744
0.9712
0.9552
0.9744
0.9808
0.9776
0.9712
0.9552
0.952
0.9584
0.9616
0.9712
0.9424
0.9424
0.9424
0.968
0.9648
0.9616
0.9712
0.968
0.9552
0.9712
0.984
0.9744
0.9616
0.9648
0.9584
0.9744
0.9648
0.9616
0.9648
0.9648
0.9616
0.9616
0.9584
0.952
0.9424
0.9360000000000001
0.9392
0.9648
0.9552
0.9296
0.9424
0.9072
0.9072
0.9104
0.9424
0.9232
0.9360000000000001
0.952
0.9616
0.9488
0.968
0.9616
0.9552
0.9296
0.9296
0.9648
0.968
0.9712
0.9648
0.968
0.9552
0.9296
0.9328
0.9616
0.9616
0.9744
0.9584
0.9552
0.952
0.9584
0.9744
0.9776
0.9584
0.9328
0.9392
0.9360000000000001
0.9584
0.9584
0.968
0.9552
0.9584
0.9744
0.9744
0.9776
0.9903999999999999
0.9776
0.968
0.9648
0.968
0.9616
0.9776
0.9648
0.9744
0.9808
0.952
0.968
0.9808
0.984
0.968
0.968
0.9648
0.9552
0.9744
0.9744
0.9648
0.9552
0.9648
0.968
0.984
0.9744
0.9936
0.9712
0.9712
0.9648
0.9712
0.9648
0.9776
0.9712
0.9712
0.9712
0.968
0.9744
0.9648
0.9648
0.9584
0.9552
0.9167999999999999
0.9584
0.9648
0.968
0.9648
0.9616
0.9552
0.9648
0.9712
0.9552
0.9744
0.9712
0.9744
0.9744
0.9456
0.952
0.9616
0.9616
0.9712
0.9552
0.9712
0.9744
0.952
0.9712
0.9744
0.9488
0.9744
0.9776
0.9456
0.9424
0.9552
0.9552
0.9616
0.9456
0.9744
0.9712
0.9712
0.9648
0.9648
0.968
0.968
0.9616
0.968
0.9808
0.9776
0.9744
0.9776
0.9552
0.9552
0.9648
0.9616
0.9392
0.9456
0.9456
0.9584
0.9808
0.9808
0.9776
0.9584
0.9456
0.9584
0.9712
0.968
0.968
0.9616
0.9744
0.9744
0.9776
0.9744
0.9744
0.9552
0.9616
0.9712
0.9616
0.9712
0.968
0.9648
0.9616
0.984
0.9744
0.9744
0.9392
0.9456
0.9584
0.9808
0.9616
0.9648
0.9616
0.968
0.9616
0.9552
0.9456
0.9360000000000001
0.9456
0.9584
0.9232
0.9264
0.9360000000000001
0.9616
0.9584
0.9648
0.968
0.9616
0.9648
0.9744
0.9808
0.968
0.9744
0.9648
0.9616
0.9456
0.9488
0.9648
0.9776
0.9648
0.9616
0.9488
0.9584
0.9456
0.9456
0.9616
0.9488
0.9424
0.952
0.968
0.9392
0.9264
0.9552
0.952
0.9552
0.9776
0.984
0.9712
0.9808
0.9552
0.952
0.9424
0.9776
0.9776
0.9712
0.9584
0.9584
0.9776
0.9648
0.968
0.9584
0.952
0.9456
0.9456
0.9616
0.9808
0.9744
0.984
0.9744
0.9488
0.9328
0.9296
0.9232
0.9392
0.9616
0.9552
0.9616
0.9808
0.968
0.968
0.9584
0.9616
0.9552
0.9392
0.9552
0.9648
0.952
0.9488
0.952
0.9424
0.9712
0.9616
0.968
0.968
0.9776
0.9808
0.9616
0.9584
0.9552
0.9648
0.9744
0.9808
0.9712
0.968
0.9616
0.9648
0.984
0.9808
0.968
0.9552
0.9616
0.9616
0.9584
0.9616
0.984
0.9584
0.9584
0.9584
0.9584
0.968
0.9488
0.9712
0.9648
0.9712
0.9616
0.9488
0.9584
0.9648
0.9488
0.9488
0.9584
0.9744
0.9712
0.968
0.9584
0.9552
0.968
0.9584
0.9584
0.9456
0.9616
0.952
0.9744
0.984
0.9712
0.9712
0.9712
0.952
0.9328
0.9488
0.9648
0.984
0.968
0.9616
0.9616
0.984
0.9903999999999999
0.9584
0.9616
0.9552
0.9648
0.9648
0.9584
0.9584
0.9456
0.9488
0.968
0.9616
0.9584
0.9712
0.9488
0.9648
0.9552
0.9648
0.968
0.9808
0.9744
0.9712
0.9648
0.9648
0.9712
0.9456
0.9584
0.9648
0.9552
0.9392
0.952
0.9648
0.952
0.9616
0.9616
0.9360000000000001
0.9456
0.952
0.952
0.9552
0.9648
0.9616
0.9712
0.9616
0.9552
0.968
0.9456
0.9424
0.9488
0.9488
0.9744
0.9808
0.9776
0.9616
0.9424
0.9584
0.9360000000000001
0.9424
0.9424
0.9552
0.9744
0.968
0.9776
0.9744
0.9776
0.9744
0.9648
0.9584
0.9456
0.9616
0.9584
0.9392
0.9456
0.9552
0.9488
0.9456
0.968
0.9616
0.9712
0.9872
0.984
0.9808
0.968
0.9552
0.952
0.968
0.9488
0.9648
0.952
0.984
0.968
0.9712
0.9776
0.968
0.9744
0.9712
0.9616
0.968
0.9552
0.952
0.9392
0.968
0.9616
0.9552
0.9584
0.9456
0.9648
0.9584
0.968
0.9808
0.9648
0.9648
0.9552
0.9552
0.9712
0.9584
0.952
0.9552
0.9584
0.9552
0.9616
0.9776
0.9744
0.9648
0.9424
0.952
0.9424
0.9392
0.9584
0.9584
0.968
0.9744
0.9712
0.9648
0.968
0.9648
0.968
0.968
0.9616
0.9616
0.9456
0.968
0.984
0.9712
0.9456
0.9360000000000001
0.9584
0.9648
0.9424
0.9584
0.9552
0.9584
0.9584
0.9744
0.9744
0.9488
0.9648
0.9744
0.9712
0.9488
0.9616
0.9424
0.9584
0.9712
0.9616
0.9552
0.9616
0.968
0.9552
0.984
0.9616
0.984
0.9744
0.9584
0.952
0.9616
0.9648
0.9712
0.9616
0.9648
0.9584
0.9744
0.9808
0.952
0.952
0.9424
0.9392
0.9488
0.952
0.9584
0.9552
0.9616
0.9552
0.9552
0.9456
0.9744
0.9648
0.952
0.9872
0.9552
0.9648
0.984
0.952
0.968
0.9552
0.9584
0.9744
0.9744
0.9584
0.9552
0.9616
0.9744
0.9616
0.9488
0.9616
0.9584
0.9552
0.952
0.9488
0.9712
0.9776
0.952
0.9328
0.9360000000000001
0.952
0.9488
0.9488
0.9424
0.952
0.9776
0.968
0.9648
0.9712
0.9648
0.9648
0.9616
0.9744
0.9488
0.9712
0.9744
0.9648
0.9744
0.9776
0.9712
0.984
0.9712
0.9424
0.9648
0.952
0.9328
0.9488
0.9392
0.9488
0.9744
0.9488
0.9552
0.968
0.9744
0.9776
0.9808
0.968
0.9776
0.9648
0.9616
0.9744
0.9776
0.9776
0.9648
0.9584
0.9648
0.968
0.9712
0.9744
0.9584
0.9584
0.9488
0.968
0.9648
0.9744
0.9584
0.9648
0.9712
0.9776
0.9552
0.9808
0.9648
0.9616
0.968
0.968
0.968
0.984
0.9456
0.9712
0.952
0.9616
0.968
0.9744
0.9744
0.9744
0.9552
0.9424
0.9456
0.968
0.952
0.9808
0.9648
0.9488
0.9552
0.9648
0.9584
0.968
0.9776
0.9648
0.9584
0.9488
0.9456
0.9552
0.9712
0.9424
0.9456
0.9552
0.9552
0.9360000000000001
0.952
0.968
0.9712
0.9552
0.9328
0.9456
0.9616
0.9616
0.9648
0.9328
0.9616
0.9616
0.968
0.9712
0.9776
0.9872
0.968
0.9648
0.9584
0.9712
0.9552
0.9424
0.9616
0.9616
0.952
0.9616
0.9744
0.9584
0.9296
0.9328
0.9424
0.9552
0.952
0.9488
0.9616
0.9584
0.9584
0.9712
0.9616
0.9648
0.9712
0.9872
0.984
0.9808
0.9712
0.9776
0.9648
0.9808
0.9776
0.9552
0.9392
0.9616
0.9616
0.9648
0.9648
0.9744
0.9712
0.9616
0.9808
0.968
0.9616
0.9616
0.9552
0.9744
0.968
0.9712
0.968
0.9584
0.9808
0.9712
0.9584
0.9616
0.9744
0.968
0.952
0.952
0.9648
0.9648
0.9744
0.9712
0.9584
0.9776
0.9552
0.9776
0.9744
0.984
0.9776
0.9616
0.9488
0.9392
0.952
0.9552
0.9584
0.9648
0.9584
0.9360000000000001
0.9552
0.9648
0.952
0.9776
0.9648
0.9616
0.9808
0.9552
0.9648
0.9328
0.9456
0.9456
0.9456
0.952
0.9456
0.9712
0.9808
0.9712
0.9744
0.9648
0.9776
0.968
0.9392
0.952
0.9648
0.9712
0.968
0.9776
0.9648
0.9712
0.9744
0.9648
0.9616
0.968
0.9648
0.952
0.9776
0.9584
0.9392
0.9456
0.952
0.9232
0.9360000000000001
0.9264
0.9167999999999999
0.9392
0.9552
0.9712
0.9776
0.9584
0.9744
0.9744
0.9744
0.9808
0.9776
0.984
0.9872
0.9744
0.9584
0.9712
0.9744
0.9584
0.968
0.9552
0.952
0.9552
0.9488
0.9616
0.9584
0.9552
0.9488
0.9456
0.9264
0.9296
0.9424
0.9424
0.9328
0.9360000000000001
0.9712
0.968
0.9744
0.9456
0.9456
0.968
0.968
0.952
0.9456
0.9648
0.968
0.984
0.9744
0.9648
0.9616
0.984
0.9808
0.9808
0.9712
0.9616
0.9456
0.9616
0.968
0.968
0.9392
0.9424
0.9712
0.9488
0.9456
0.9488
0.9616
0.9712
0.9648
0.9712
0.952
0.9424
0.9232
0.9232
0.9136
0.9552
0.9552
0.9456
0.952
0.9712
0.968
0.968
0.968
0.9584
0.968
0.9648
0.9648
0.9584
0.9328
0.9776
0.9776
0.9744
0.968
0.952
0.9648
0.9584
0.9648
0.9552
0.968
0.9584
0.9616
0.9456
0.968
0.9456
0.9744
0.9744
0.9712
0.9808
0.968
0.9808
0.9808
0.9744
0.9744
0.9712
0.952
0.9776
0.984
0.968
0.9744
0.9712
0.9744
0.9552
0.9712
0.9712
0.9808
0.9712
0.9648
0.9744
0.9648
0.9584
0.968
0.9616
0.9744
0.9648
0.9584
0.9584
0.952
0.968
0.9488
0.9264
0.9648
0.9744
0.9744
0.968
0.968
0.9712
0.9808
0.968
0.9712
0.9648
0.952
0.9616
0.9456
0.9584
0.968
0.9744
0.952
0.9552
0.9648
0.9552
0.9552
0.9616
0.9552
0.9488
0.9744
0.9712
0.9872
0.9616
0.9872
0.9808
0.9584
0.9616
0.952
0.968
0.968
0.9776
0.952
0.9616
0.9584
0.9808
0.9744
0.9776
0.9808
0.9776
0.9744
0.9872
0.9616
0.952
0.9616
0.9744
0.9744
0.9616
0.9648
0.9296
0.9776
0.9776
0.9424
0.9616
0.9648
0.9648
0.9616
0.9456
0.9648
0.9712
0.9584
0.9488
0.9584
0.9744
0.968
0.9456
0.9552
0.9552
0.952
0.9616
0.9744
0.9616
0.9648
0.9456
0.9488
0.9424
0.9360000000000001
0.9584
0.9744
0.9776
0.9744
0.9872
0.9776
0.968
0.9712
0.9776
0.9584
0.9808
0.9648
0.9456
0.9584
0.952
0.968
0.9648
0.9584
0.9616
0.984
0.9872
0.9776
0.984
0.9712
0.984
0.9712
0.9712
0.9712
0.968
0.9584
0.968
0.9744
0.9424
0.9616
0.9456
0.9488
0.9488
0.968
0.968
0.9712
0.984
0.9744
0.9360000000000001
0.952
0.9712
0.9808
0.9712
0.9776
0.9744
0.9616
0.9552
0.9744
0.9648
0.952
0.9424
0.9424
0.9616
0.9648
0.9776
0.9872
0.9808
0.9744
0.968
0.9648
0.968
0.9392
0.9488
0.9488
0.9584
0.9648
0.968
0.9776
0.984
0.9808
0.9776
0.9456
0.9456
0.9456
0.9552
0.9552
0.9744
0.9584
0.968
0.9744
0.9872
0.9744
0.9744
0.9584
0.9392
0.9328
0.952
0.952
0.9648
0.9616
0.9584
0.952
0.9584
0.9712
0.9584
0.968
0.9776
0.968
0.9616
0.9360000000000001
0.9360000000000001
0.968
0.968
0.9712
0.9552
0.968
0.9488
0.968
0.968
0.9616
0.968
0.9584
0.952
0.9584
0.9744
0.9584
0.9648
0.9616
0.9744
0.968
0.9552
0.9360000000000001
0.9648
0.952
0.9552
0.9616
0.9488
0.9616
0.9552
0.9392
0.952
0.9456
0.9296
0.9136
0.9456
0.968
0.9648
0.9744
0.9584
0.9808
0.9712
0.9552
0.952
0.9456
0.968
0.968
0.9808
0.968
0.9744
0.968
0.9648
0.9648
0.968
0.952
0.968
0.9712
0.9744
0.9616
0.9584
0.984
0.9552
0.9328
0.9424
0.9552
0.9392
0.9488
0.9584
0.9424
0.9488
0.984
0.9903999999999999
0.9616
0.9552
0.968
0.9744
0.968
0.9616
0.9488
0.9648
0.9488
0.9776
0.9552
0.9616
0.9808
0.968
0.9744
0.9552
0.9584
0.9488
0.9648
0.9584
0.9648
0.9616
0.9776
0.9744
0.9616
0.952
0.9552
0.968
0.952
0.9776
0.9648
0.9424
0.9360000000000001
0.9616
0.9584
0.9488
0.9360000000000001
0.952
0.9552
0.9488
0.968
0.952
0.968
0.9552
0.9616
0.9488
0.968
0.9616
0.952
0.9648
0.9616
0.9744
0.9776
0.9584
0.9552
0.9424
0.968
0.9552
0.9712
0.968
0.984
0.9808
0.9776
0.9712
0.9776
0.9744
0.9648
0.9712
0.9616
0.9584
0.9648
0.9552
0.9296
0.9552
0.9808
0.9808
0.9744
0.9648
0.9712
0.9712
0.9808
0.9488
0.9264
0.968
0.968
0.952
0.9424
0.9360000000000001
0.9488
0.9360000000000001
0.9584
0.9712
0.9808
0.9744
0.9712
0.9712
0.9776
0.9648
0.9744
0.9552
0.9424
0.952
0.9456
0.9616
0.968
0.9552
0.9616
0.968
0.9744
0.9488
0.9584
0.968
0.9903999999999999
0.9903999999999999
0.9744
0.9648
0.968
0.9648
0.968
0.984
0.9584
0.9552
0.9648
0.968
0.9744
0.9712
0.968
0.9584
0.9712
0.9776
0.9648
0.9584
0.9552
0.9776
0.9776
0.9808
0.9808
0.968
0.9584
0.9488
0.9584
0.9712
0.9712
0.9648
0.9584
0.9616
0.9552
0.9616
0.9488
0.9392
0.9552
0.968
0.968
0.9552
0.9584
0.9488
0.9456
0.9712
0.9584
0.9456
0.984
0.9808
0.9744
0.9776
0.9648
0.9648
0.9488
0.9424
0.9552
0.9456
0.9648
0.968
0.9808
0.9776
0.9776
0.9712
0.9648
0.968
0.9744
0.968
0.9648
0.9616
0.968
0.9744
0.9648
0.9552
0.968
0.9552
0.9360000000000001
0.968
0.9488
0.9648
0.968
0.9808
0.9712
0.9616
0.9648
0.9712
0.968
0.9808
0.9744
0.9872
0.968
0.984
0.9776
0.9648
0.9712
0.9584
0.9488
0.952
0.9744
0.9616
0.9616
0.968
0.9488
0.9456
0.9552
0.9648
0.9488
0.952
0.9424
0.9648
0.9424
0.92
0.9360000000000001
0.9424
0.9712
0.9744
0.968
0.9776
0.9648
0.9488
0.9488
0.9712
0.9616
0.9648
0.9648
0.9616
0.9392
0.952
0.9616
0.9616
0.9712
0.9648
0.9648
0.952
0.9648
0.9808
0.9776
0.9776
0.9552
0.9584
0.9648
0.9808
0.968
0.9552
0.9456
0.9456
0.9360000000000001
0.952
0.9552
0.9488
0.9744
0.9616
0.9488
0.9328
0.9296
0.9488
0.9488
0.952
0.9776
0.9744
0.9584
0.9776
0.9424
0.9456
0.968
0.968
0.968
0.9712
0.9744
0.9808
0.9744
0.9616
0.9712
0.9648
0.9744
0.9552
0.9648
0.9808
0.9584
0.968
0.952
0.9712
0.9584
0.9744
0.9584
0.9744
0.9648
0.9616
0.9616
0.9648
0.9712
0.984
0.984
0.968
0.9744
0.9712
0.9744
0.9712
0.9903999999999999
0.9744
0.9552
0.9712
0.9584
0.9584
0.9648
0.9552
0.9776
0.9776
0.9616
0.9616
0.9648
0.9616
0.968
0.9392
0.952
0.968
0.9552
0.968
0.9616
0.9744
0.9584
0.9424
0.9616
0.9456
0.968
0.968
0.968
0.9392
0.9456
0.9744
0.9808
0.984
0.9808
0.968
0.9616
0.9712
0.9584
0.968
0.9648
0.9584
0.952
0.968
0.9776
0.9712
0.9776
0.9584
0.9584
0.9776
0.9648
0.9584
0.9648
0.968
0.952
0.9584
0.9392
0.9456
0.968
0.9712
0.9456
0.9552
0.9552
0.9296
0.952
0.9552
0.9712
0.968
0.9712
0.968
0.9584
0.9616
0.9584
0.9488
0.968
0.952
0.9424
0.9488
0.9616
0.9776
0.9744
0.9712
0.9584
0.9744
0.9584
0.9744
0.984
0.9776
0.9808
0.9552
0.9456
0.9648
0.9584
0.9552
0.9488
0.9392
0.9552
0.968
0.9776
0.952
0.9360000000000001
0.952
0.9616
0.9712
0.9616
0.9616
0.952
0.968
0.968
0.9648
0.9648
0.984
0.9808
0.9808
0.9744
0.9744
0.968
0.9776
0.9776
0.9584
0.9584
0.9712
0.9648
0.9648
0.9648
0.9488
0.952
0.9584
0.968
0.9903999999999999
0.9776
0.9648
0.968
0.9552
0.9776
0.9744
0.9488
0.952
0.9552
0.952
0.9424
0.968
0.9744
0.9712
0.968
0.9712
0.9712
0.9552
0.9616
0.9872
0.9744
0.9776
0.9808
0.9776
0.984
0.968
0.9712
0.9936
0.968
0.9712
0.9648
0.952
0.9552
0.9616
0.9552
0.9616
0.9424
0.9648
0.952
0.9424
0.9392
0.9424
0.9744
0.984
0.9744
0.9744
0.9552
0.9552
0.9360000000000001
0.9616
0.9488
0.9712
0.9552
0.9744
0.9776
0.9808
0.9776
0.9648
0.9488
0.9552
0.9552
0.9584
0.9616
0.9616
0.9488
0.9392
0.9648
0.9648
0.9424
0.9456
0.9648
0.9616
0.968
0.9776
0.9744
0.952
0.9648
0.9744
0.9744
0.9712
0.9424
0.9392
0.9392
0.9584
0.9776
0.9456
0.9424
0.9488
0.9552
0.9424
0.9648
0.9488
0.9648
0.9584
0.952
0.9744
0.952
0.9648
0.9648
0.9584
0.9488
0.9392
0.9424
0.9456
0.9360000000000001
0.952
0.9616
0.968
0.9776
0.9808
0.9776
0.9552
0.952
0.9744
0.9648
0.9552
0.952
0.9808
0.9648
0.9744
0.9712
0.9744
0.9712
0.968
0.9584
0.9456
0.968
0.9392
0.9648
0.9776
0.9584
0.968
0.968
0.9584
0.9776
0.9712
0.968
0.9744
0.9776
0.9808
0.9712
0.9584
0.9488
0.9328
0.952
0.9552
0.9584
0.968
0.9808
0.984
0.9776
0.9776
0.9712
0.9808
0.9744
0.9903999999999999
0.984
0.9712
0.9744
0.9712
0.9552
0.9488
0.9488
0.9360000000000001
0.9456
0.9392
0.9744
0.9808
0.9808
0.9616
0.9712
0.9808
0.9424
0.9584
0.9488
0.9552
0.9360000000000001
0.9488
0.968
0.9776
0.9712
0.9744
0.9616
0.9808
0.9488
0.9584
0.968
0.9808
0.9808
0.9712
0.9808
0.9808
0.9712
0.9616
0.9776
0.9424
0.9616
0.968
0.968
0.9903999999999999
0.9744
0.9744
0.952
0.968
0.9776
0.984
0.9776
0.9776
0.9712
0.9648
0.9584
0.968
0.9616
0.9616
0.9488
0.984
0.984
0.9744
0.9648
0.9776
0.9584
0.9744
0.9584
0.9488
0.9552
0.9552
0.9552
0.9488
0.9616
0.9776
0.968
0.9616
0.9744
0.9712
0.9872
0.9712
0.9488
0.9584
0.9712
0.9648
0.9648
0.9712
0.9488
0.9552
0.9616
0.9616
0.9616
0.9392
0.968
0.9776
0.9808
0.9584
0.9552
0.9616
0.9552
0.9744
0.9488
0.9456
0.9616
0.9712
0.9744
0.9552
0.9584
0.9552
0.9360000000000001
0.9392
0.9456
0.952
0.9712
0.9776
0.968
0.952
0.9744
0.9552
0.9456
0.9712
0.952
0.9552
0.952
0.9328
0.9488
0.9616
0.968
0.968
0.984
0.9392
0.952
0.9776
0.9808
0.968
0.9808
0.9808
0.9648
0.952
0.952
0.9360000000000001
0.9648
0.9744
0.968
0.9616
0.9712
0.9744
0.9648
0.9584
0.9488
0.9552
0.9488
0.9616
0.9424
0.9712
0.9872
0.9744
0.9776
0.9744
0.9488
0.9456
0.9616
0.9488
0.9360000000000001
0.9392
0.9328
0.9584
0.9712
0.9776
0.9744
0.9488
0.9552
0.9616
0.9648
0.9872
0.9648
0.9776
0.9616
0.9584
0.9424
0.9648
0.9616
0.9456
0.9584
0.9616
0.9616
0.9552
0.9552
0.9552
0.9616
0.9648
0.984
0.968
0.9712
0.968
0.9808
0.9648
0.9616
0.9776
0.9808
0.9776
0.9584
0.9616
0.9584
0.9616
0.9712
0.9712
0.952
0.9552
0.952
0.9584
0.9328
0.9104
0.9296
0.9392
0.9488
0.9584
0.9552
0.9456
0.952
0.9296
0.9744
0.9616
0.9712
0.984
0.9744
0.984
0.9776
0.9872
0.9872
0.9712
0.9648
0.9616
0.9648
0.9648
0.9584
0.9616
0.968
0.9648
0.968
0.9808
0.9584
0.9552
0.9616
0.9776
0.968
0.9648
0.9584
0.9584
0.9552
0.9648
0.968
0.9744
0.984
0.9744
0.9712
0.9584
0.9616
0.9584
0.9616
0.9488
0.9392
0.9808
0.9552
0.9616
0.9712
0.968
0.9552
0.9488
0.9616
0.9712
0.9648
0.9776
0.968
0.9616
0.9744
0.9744
0.9903999999999999
0.9808
0.9648
0.9776
0.9648
0.9392
0.968
0.9712
0.9584
0.9648
0.9712
0.9712
0.9648
0.9744
0.9616
0.9616
0.9456
0.9616
0.9712
0.9776
0.968
0.9712
0.9616
0.9488
0.9392
0.9648
0.9616
0.968
0.9744
0.9616
0.9776
0.9584
0.9648
0.9712
0.9712
0.9584
0.9712
0.9616
0.9872
0.984
0.9776
0.9712
0.9712
0.968
0.9616
0.9712
0.984
0.968
0.968
0.9776
0.9456
0.9744
0.9648
0.9584
0.9616
0.9776
0.9616
0.9392
0.9584
0.9488
0.9712
0.9360000000000001
0.9456
0.9552
0.9584
0.9616
0.9552
0.9616
0.968
0.968
0.9648
0.9712
0.984
0.9744
0.952
0.9424
0.9488
0.9552
0.9712
0.952
0.9392
0.9616
0.968
0.9776
0.9616
0.9648
0.9808
0.952
0.9296
0.9488
0.9584
0.9360000000000001
0.9424
0.9392
0.9488
0.9328
0.9488
0.9488
0.9712
0.9584
0.9648
0.9616
0.984
0.9648
0.9552
0.9424
0.9552
0.9712
0.9776
0.9584
0.968
0.968
0.9584
0.9456
0.9616
0.9360000000000001
0.9360000000000001
0.9584
0.9552
0.9584
0.9616
0.9584
0.968
0.9744
0.9712
0.9584
0.9648
0.9552
0.9712
0.9744
0.984
0.9712
0.9776
0.9872
0.968
0.9488
0.9584
0.9488
0.9648
0.9616
0.9648
0.9648
0.968
0.9712
0.9712
0.9616
0.9648
0.9552
0.9488
0.9808
0.9552
0.952
0.9744
0.9744
0.9744
0.9584
0.9744
0.9776
0.9648
0.9648
0.9744
0.9744
0.968
0.9552
0.9712
0.9712
0.9648
0.9648
0.968
0.9712
0.9712
0.9488
0.9424
0.9424
0.9584
0.952
0.9648
0.9648
0.9616
0.968
0.9648
0.9616
0.9616
0.9552
0.952
0.9392
0.9584
0.9552
0.952
0.9456
0.9584
0.9616
0.9584
0.952
0.984
0.9648
0.9584
0.9776
0.9584
0.9488
0.9648
0.9712
0.9712
0.952
0.9488
0.9456
0.9552
0.9712
0.9552
0.9648
0.9808
0.9744
0.968
0.9584
0.9616
0.9776
0.9584
0.952
0.9648
0.9776
0.9968
0.9776
0.952
0.9616
0.9552
0.9392
0.9616
0.9808
0.9552
0.9616
0.9648
0.9648
0.9584
0.9584
0.9584
0.968
0.9488
0.952
0.9424
0.9744
0.92
0.9648
0.9712
0.952
0.9392
0.9456
0.9456
0.9424
0.9392
0.9488
0.9584
0.9552
0.9584
0.9552
0.9712
0.9712
0.9776
0.9776
0.9616
0.9776
0.9648
0.9872
0.9744
0.9488
0.9616
0.9616
0.9872
0.9776
0.984
0.9552
0.9648
0.968
0.9584
0.9488
0.9648
0.9648
0.952
0.952
0.9616
0.9712
0.9584
0.9552
0.9488
0.9648
0.9712
0.968
0.9616
0.9776
0.9648
0.9488
0.9648
0.9648
0.9552
0.9456
0.9552
0.9744
0.9744
0.9903999999999999
0.9808
0.9776
0.968
0.9648
0.9584
0.9712
0.9744
0.968
0.9808
0.9712
0.9424
0.9616
0.9744
0.9712
0.9648
0.9744
0.9648
0.9616
0.968
0.984
0.9776
0.9744
0.9648
0.9648
0.9648
0.9552
0.968
0.9616
0.9328
0.9360000000000001
0.9552
0.9424
0.9552
0.9808
0.9744
0.968
0.9712
0.9584
0.9744
0.968
0.9712
0.9584
0.952
0.9584
0.9616
0.9776
0.9648
0.9744
0.9744
0.9488
0.968
0.9616
0.9648
0.9488
0.9392
0.9616
0.968
0.9648
0.9552
0.9648
0.9488
0.9744
0.9712
0.9712
0.9712
0.9456
0.9776
0.9808
0.968
0.968
0.968
0.9776
0.9776
0.9776
0.9712
0.9744
0.9712
0.9744
0.9616
0.9616
0.968
0.9648
0.9552
0.9296
0.9424
0.9744
0.9616
0.9616
0.9648
0.9744
0.9552
0.9584
0.952
0.9616
0.9616
0.9712
0.9712
0.9584
0.9552
0.9712
0.9712
0.9648
0.9488
0.9296
0.9392
0.9616
0.952
0.9712
0.9712
0.9392
0.9328
0.9456
0.9328
0.9616
0.968
0.9648
0.9808
0.968
0.952
0.9616
0.9712
0.968
0.9584
0.952
0.9584
0.9616
0.9552
0.9392
0.9488
0.9712
0.9584
0.9712
0.9776
0.9488
0.952
0.968
0.968
0.9648
0.968
0.9648
0.9776
0.9872
0.9648
0.9424
0.9360000000000001
0.9488
0.9552
0.968
0.9712
0.984
0.968
0.9648
0.9744
0.9744
0.968
0.984
0.9552
0.9392
0.9456
0.9488
0.9328
0.9616
0.9584
0.9712
0.9712
0.968
0.9616
0.9584
0.9488
0.9424
0.9552
0.984
0.9744
0.9584
0.968
0.9616
0.9616
0.9616
0.9552
0.952
0.9552
0.9616
0.9648
0.9456
0.9584
0.9488
0.9360000000000001
0.968
0.9712
0.968
0.952
0.9456
0.9552
0.9584
0.9584
0.9456
0.9488
0.9584
0.968
0.9712
0.968
0.9744
0.984
0.9616
0.968
0.9552
0.952
0.9712
0.9616
0.952
0.9488
0.9552
0.9424
0.968
0.968
0.968
0.9552
0.9648
0.9776
0.9488
0.9648
0.968
0.952
0.968
0.9552
0.9648
0.9584
0.9648
0.9712
0.9776
0.9776
0.9552
0.9584
0.968
0.9584
0.9648
0.9456
0.9488
0.968
0.9712
0.9776
0.9648
0.9648
0.9808
0.984
0.9776
0.9584
0.9488
0.9616
0.9616
0.9744
0.9744
0.968
0.9712
0.9552
0.968
0.9488
0.9552
0.9808
0.9648
0.92
0.9392
0.952
0.9648
0.9616
0.9456
0.9648
0.9712
0.9776
0.9744
0.9808
0.9712
0.9712
0.968
0.9808
0.984
0.9808
0.9744
0.9712
0.9584
0.968
0.9648
0.9584
0.952
0.9616
0.9552
0.9776
0.9648
0.968
0.9648
0.9648
0.9648
0.9648
0.9584
0.9456
0.9744
0.9584
0.9648
0.9456
0.9648
0.9584
0.9552
0.9808
0.9616
0.9552
0.9648
0.9552
0.968
0.9584
0.9616
0.968
0.9744
0.9424
0.9648
0.9616
0.9328
0.9552
0.9648
0.9584
0.9712
0.968
0.9744
0.9552
0.9648
0.9456
0.9296
0.9616
0.9424
0.9424
0.9648
0.9648
0.984
0.9776
0.9552
0.9616
0.9616
0.9584
0.9488
0.9616
0.9456
0.9648
0.9744
0.968
0.9648
0.9808
0.9744
0.9552
0.9392
0.9616
0.9488
0.952
0.952
0.968
0.9552
0.9584
0.9584
0.9552
0.9392
0.9584
0.9584
0.9648
0.9616
0.9744
0.984
0.9424
0.9488
0.9232
0.9584
0.9616
0.952
0.968
0.9744
0.9648
0.9584
0.9808
0.968
0.9616
0.9584
0.9903999999999999
0.968
0.9584
0.9776
0.9744
0.9616
0.9616
0.9392
0.9456
0.9424
0.9584
0.9744
0.9552
0.9488
0.9552
0.9456
0.9648
0.968
0.9712
0.9712
0.9584
0.9808
0.9744
0.9744
0.9552
0.9744
0.968
0.968
0.968
0.9744
0.9648
0.9584
0.952
0.968
0.9744
0.9552
0.9648
0.9744
0.968
0.9456
0.9616
0.9712
0.9744
0.9712
0.9744
0.9776
0.9776
0.9712
0.9648
0.9648
0.968
0.9712
0.9456
0.9456
0.9584
0.9616
0.9616
0.9648
0.968
0.9616
0.9648
0.9616
0.9648
0.9648
0.9712
0.9424
0.952
0.9648
0.9552
0.9712
0.9712
0.9744
0.9776
0.9488
0.9264
0.9424
0.9712
0.9488
0.968
0.952
0.9488
0.9616
0.9488
0.9616
0.9584
0.9712
0.9584
0.9616
0.9744
0.9808
0.968
0.9712
0.952
0.9552
0.9456
0.9712
0.9648
0.9456
0.9616
0.9712
0.968
0.9808
0.9616
0.9648
0.9776
0.9712
0.9616
0.9744
0.984
0.9744
0.9552
0.9648
0.9903999999999999
0.984
0.9424
0.9456
0.9648
0.9392
0.9584
0.9552
0.9584
0.9488
0.952
0.9328
0.952
0.9552
0.9744
0.9776
0.9616
0.9712
0.9616
0.9552
0.9712
0.9744
0.9648
0.9552
0.968
0.9744
0.9616
0.984
0.9808
0.9744
0.9648
0.9648
0.968
0.8976
0.8784
0.8336
0.824
0.8080000000000001
0.8112
0.7568
0.7376
0.7376
0.6576
0.664
0.7151999999999999
0.68
0.6736
0.5584
0.5456
0.504
0.5135999999999999
0.5552
0.5456
0.52
0.5808
0.5584
0.6224
0.6576
0.616
0.5584
0.5168
0.552
0.536
0.5712
0.552
0.5392
0.552
0.5135999999999999
0.5008
0.5008
0.5135999999999999
0.5104
0.5264
0.488
0.4816
0.5424
0.5776
0.5968
0.5776
0.5904
0.5968
0.6128
0.6064000000000001
0.6128
0.6704
0.6415999999999999
0.6704
0.6704
0.6448
0.6736
0.7632
0.7824
0.7248
0.7024
0.6864
0.6384
0.648
0.6512
0.7184
0.6928
0.6928
0.6896
0.6928
0.7088
0.7472
0.6736
0.6608000000000001
0.68
0.664
0.6512
0.6224
0.6544
0.664
0.6672
0.6832
0.696
0.6928
0.728
0.76
0.7472
0.7536
0.7824
0.824
0.8080000000000001
0.8304
0.76
0.7568
0.7408
0.8048
0.8336
0.7856
0.776
0.8144
0.8016
0.7664
0.7696
0.7504
0.7568
0.7376
0.7568
0.7312
0.7056
0.7376
0.728
0.7792
0.7088
0.712
0.696
0.7056
0.6704
0.664
0.6864
0.6992
0.744
0.7472
0.7344000000000001
0.7088
0.6608000000000001
0.6192
0.5904
0.6736
0.68
0.6224
0.6704
0.6544
0.632
0.616
0.6224
0.5712
0.5232
0.5296
0.5104
0.5904
0.584
0.5424
0.5104
0.5456
0.5968
0.5456
0.5264
0.5616
0.5616
0.5744
0.5904
0.552
0.5232
0.5232
0.488
0.4272
0.4304
0.4752
0.4656
0.4688
0.4688
0.4144
0.4208
0.3856
0.3472
0.2672
0.3152
0.3216
0.2768
0.3056
0.3376
0.3728
0.3888
0.376
0.3856
0.3248
0.2864
0.2896
0.2448
0.232
0.296
0.2192
0.2128
0.2224
0.1744
0.1552
0.2
0.1904
0.1968
0.1808
0.1488
0.1552
0.1424
0.1488
0.1072
0.184
0.2128
0.2256
0.232
0.1776
0.1744
0.1584
0.2032
0.152
0.09760000000000001
0.1872
0.1744
0.2
0.2224
0.184
0.2256
0.216
0.264
0.2768
0.2992
0.3376
0.3056
0.3248
0.3696
0.3664
0.424
0.5135999999999999
0.488
0.5296
0.5104
0.4528
0.4624
0.424
0.4112
0.3344
0.2864
0.2672
0.2608
0.2704
0.3024
0.2992
0.2992
0.3184
0.264
0.1936
0.2416
0.2384
0.1712
0.1904
0.1616
0.248
0.3056
0.3024
0.3408
0.3088
0.312
0.2864
0.2576
0.3376
0.3536
0.3792
0.3696
0.3632
0.376
0.4144
0.4848
0.4528
0.3856
0.3824
0.264
0.232
0.2064
0.2256
0.2352
0.2992
0.2576
0.2768
0.2416
0.3024
0.3504
0.2928
0.3312
0.3408
0.4048
0.4016
0.3504
0.3952
0.3152
0.3472
0.2768
0.2384
0.1776
0.1264
0.168
0.2288
0.1968
0.2064
0.1008
0.1648
0.1264
0.07199999999999999
0.1168
0.1584
0.1648
0.1392
0.04
0.04
0.008
0.0368
0.0176
0.0144
0.0624
0.0432
0.04
0.0048
0.008
0.0144
0.056
0.0752
0.0592
0.0496
0.0496
0.0592
0.1008
0.06560000000000001
0.0176
0.024
0.024
0.008
0.0336
0.08160000000000001
0.1264
0.184
0.2768
0.2672
0.28
0.328
0.3664
0.3728
0.3472
0.3376
0.3184
0.2576
0.2736
0.2288
0.3248
0.2672
0.2704
0.2896
0.3472
0.3312
0.3696
0.3536
0.392
0.4624
0.4784
0.4848
0.5264
0.5296
0.4976
0.504
0.5456
0.5424
0.4784
0.5104
0.536
0.6256
0.6
0.648
0.616
0.6576
0.7216
0.76
0.7376
0.7984
0.8368
0.8176
0.8368
0.8304
0.8304
0.8080000000000001
0.776
0.6992
0.7792
0.7984
0.8431999999999999
0.7952
0.7664
0.7696
0.8528
0.84
0.7952
0.7952
0.7664
0.7632
0.7312
0.7184
0.7664
0.7792
0.8208
0.824
0.7536
0.8112
0.7504
0.728
0.76
0.7024
0.6415999999999999
0.6512
0.7216
0.6448
0.6415999999999999
0.5968
0.5456
0.6032
0.6192
0.632
0.6064000000000001
0.6128
0.5808
0.6768
0.712
0.696
0.6864
0.7344000000000001
0.7248
0.6864
0.728
0.7184
0.7056
0.7088
0.632
0.6768
0.6448
0.664
0.6864
0.6832
0.6415999999999999
0.648
0.6064000000000001
0.6672
0.632
0.6832
0.7056
0.6864
0.6992
0.6704
0.5936
0.6832
0.6576
0.6256
0.632
0.6608000000000001
0.6384
0.6992
0.6448
0.6352
0.5584
0.6096
0.5808
0.616
0.6096
0.5904
0.6256
0.6672
0.6864
0.6928
0.6864
0.6672
0.7024
0.664
0.6352
0.6512
0.6256
0.6032
0.6128
0.648
0.6352
0.6224
0.5808
0.5648
0.5679999999999999
0.5072
0.4336
0.4784
0.456
0.4304
0.4976
0.3952
0.4112
0.3696
0.312
0.3312
0.28
0.2832
0.216
0.2608
0.1392
0.1648
0.1936
0.1968
0.1648
0.0752
0.1424
0.1936
0.2288
0.248
0.2288
0.1936
0.136
0.184
0.2352
0.2416
0.264
0.2384
0.2096
0.184
0.0848
0.0304
0.024
0.0752
0.08799999999999999
0.104
0.136
0.1296
0.104
0.1104
0.12
0.1136
0.1168
0.1168
0.1552
0.1968
0.2128
0.136
0.1712
0.1648
0.2192
0.1616
0.2512
0.2704
0.2256
0.1648
0.1232
0.1712
0.1424
0.1296
0.1456
0.2
0.2096
0.1456
0.1808
0.1488
0.1328
0.056
0.0048
0.1072
0.1328
0.1552
0.1104
0.0016
0.0528
0.09760000000000001
0.1008
0.2064
0.2448
0.2704
0.2352
0.2704
0.344
0.3792
0.3568
0.3568
0.3984
0.376
0.408
0.3728
0.3696
0.2896
0.2832
0.3472
0.4144
0.4304
0.4176
0.4016
0.4048
0.4016
0.4016
0.376
0.3728
0.3088
0.344
0.3312
0.4304
0.4752
0.4656
0.4624
0.4848
0.4656
0.4336
0.4464
0.3408
0.3664
0.328
0.3568
0.4176
0.4336
0.4432
0.4144
0.3952
0.3824
0.3312
0.3472
0.2864
0.3088
0.28
0.2064
0.2448
0.152
0.1776
0.168
0.2096
0.248
0.1968
0.1776
0.2576
0.2224
0.2224
0.2544
0.2352
0.248
0.312
0.344
0.3408
0.3696
0.3824
0.4496
0.4016
0.4208
0.4496
0.4592
0.4656
0.44
0.4848
0.4432
0.4496
0.4016
0.376
0.3312
0.2992
0.328
0.3568
0.3664
0.3152
0.2896
0.28
0.232
0.1584
0.136
0.2256
0.1776
0.1936
0.1776
0.1744
0.1776
0.1872
0.1872
0.1968
0.1424
0.2416
0.2128
0.2256
0.248
0.296
0.2736
0.2128
0.2096
0.2288
0.1616
0.2128
0.1584
0.1872
0.1392
0.2352
0.2096
0.1584
0.2032
0.1776
0.2416
0.1936
0.1648
0.2096
0.2096
0.2128
0.1392
0.1936
0.2128
0.1616
0.1776
0.1712
0.1776
0.1776
0.2544
0.232
0.2768
0.2
0.2064
0.2352
0.2384
0.28
0.2736
0.2864
0.264
0.2608
0.2608
0.2416
0.168
0.1808
0.1712
0.1744
0.1392
0.1104
0.0912
0.1808
0.1776
0.1936
0.1968
0.232
0.2352
0.2544
0.2672
0.2288
0.2864
0.28
0.2352
0.2576
0.2736
0.2864
0.2576
0.2832
0.2512
0.328
0.3056
0.3056
0.2416
0.2192
0.3056
0.2832
0.3568
0.3952
0.3792
0.3408
0.344
0.3824
0.3696
0.3312
0.3568
0.3728
0.4112
0.3984
0.3408
0.3248
0.312
0.344
0.296
0.3504
0.3472
0.3792
0.3248
0.3376
0.392
0.4432
0.4848
0.44
0.3792
0.3376
0.2768
0.3024
0.2544
0.3568
0.3632
0.3312
0.3088
0.2768
0.232
0.232
0.248
0.2704
0.344
0.2896
0.3248
0.3216
0.3088
0.2832
0.248
0.2096
0.2288
0.2064
0.2128
0.2544
0.2
0.1872
0.2544
0.2928
0.3568
0.3856
0.3696
0.3472
0.328
0.3184
0.3024
0.2544
0.2576
0.2448
0.2768
0.2928
0.2672
0.2768
0.2736
0.2736
0.2672
0.3472
0.3536
0.36
0.408
0.44
0.4624
0.456
0.4688
0.4944
0.5135999999999999
0.4752
0.5104
0.4848
0.5072
0.5424
0.6032
0.5584
0.536
0.5392
0.5135999999999999
0.5679999999999999
0.5328000000000001
0.4752
0.4336
0.424
0.3888
0.4144
0.3824
0.3952
0.4592
0.4592
0.4592
0.472
0.504
0.52
0.5584
0.5488
0.5552
0.4752
0.5679999999999999
0.6448
0.6415999999999999
0.6192
0.6415999999999999
0.6128
0.5584
0.536
0.5456
0.5808
0.584
0.5808
0.5648
0.5488
0.616
0.5936
0.584
0.5616
0.6224
0.5744
0.6544
0.6576
0.6704
0.6608000000000001
0.6672
0.6736
0.7248
0.7024
0.7151999999999999
0.7248
0.664
0.696
0.696
0.7184
0.7887999999999999
0.8144
0.7984
0.7856
0.7792
0.8176
0.7824
0.7792
0.7887999999999999
0.7887999999999999
0.7856
0.7312
0.7151999999999999
0.8048
0.7824
0.8144
0.8304
0.8080000000000001
0.8208
0.8336
0.7984
0.8368
0.8336
0.8336
0.7856
0.824
0.7568
0.7632
0.7536
0.8272
0.8048
0.8208
0.7792
0.76
0.7696
0.7024
0.6896
0.7056
0.7056
0.6704
0.6768
0.6288
0.616
0.68
0.7184
0.6768
0.648
0.5904
0.5744
0.5712
0.536
0.5712
0.5616
0.6032
0.6192
0.6415999999999999
0.6832
0.6704
0.6864
0.6736
0.6768
0.6576
0.6128
0.664
0.7504
0.7696
0.7824
0.8016
0.7728
0.7887999999999999
0.824
0.776
0.7856
0.7792
0.776
0.7696
0.7056
0.76
0.7632
0.7728
0.7728
0.7376
0.7376
0.7472
0.792
0.7504
0.7312
0.728
0.6896
0.6928
0.6896
0.7472
0.7952
0.7728
0.744
0.7472
0.744
0.7568
0.7408
0.7216
0.7024
0.7024
0.6864
0.68
0.6704
0.6864
0.664
0.6736
0.696
0.6256
0.5776
0.6288
0.5936
0.5424
0.5936
0.5552
0.5936
0.5679999999999999
0.6544
0.6576
0.7056
0.6896
0.6512
0.6544
0.7024
0.648
0.696
0.6576
0.6384
0.6608000000000001
0.6224
0.584
0.5232
0.5776
0.584
0.5072
0.5712
0.6224
0.5936
0.632
0.616
0.5968
0.6608000000000001
0.6224
0.6608000000000001
0.6576
0.6864
0.7056
0.6544
0.5712
0.4912
0.3536
0.264
0.2224
0.1776
0.2064
0.2672
0.2544
0.2608
0.2832
0.3152
0.3248
0.4304
0.376
0.3536
0.3792
0.3664
0.3344
0.328
0.328
0.3792
0.3632
0.36
0.4272
0.4048
0.408
0.4176
0.4432
0.4336
0.536
0.488
0.5328000000000001
0.4944
0.5296
0.5744
0.6
0.5648
0.5712
0.6096
0.6064000000000001
0.6192
0.6032
0.584
0.5616
0.5008
0.5232
0.5488
0.5968
0.5936
0.5712
0.5744
0.6128
0.6672
0.6928
0.6928
0.6992
0.7568
0.7792
0.7696
0.728
0.7056
0.7151999999999999
0.6
0.5936
0.5744
0.6096
0.6608000000000001
0.696
0.7088
0.76
0.7792
0.8208
0.792
0.7376
0.7312
0.68
0.6704
0.6704
0.6608000000000001
0.6096
0.5552
0.5776
0.6384
0.5936
0.5488
0.552
0.6256
0.6256
0.6384
0.6672
0.7312
0.6288
0.632
0.6736
0.68
0.664
0.6768
0.6896
0.7344000000000001
0.6832
0.6896
0.6992
0.6415999999999999
0.632
0.6576
0.6448
0.6384
0.6224
0.6928
0.6928
0.7312
0.7728
0.8431999999999999
0.8336
0.8624000000000001
0.856
0.8528
0.824
0.8016
0.7664
0.7344000000000001
0.6512
0.7024
0.7344000000000001
0.7248
0.7184
0.7536
0.7248
0.7216
0.7312
0.7376
0.696
0.6704
0.7536
0.8144
0.7728
0.7536
0.728
0.7792
0.792
0.7728
0.7952
0.7632
0.7984
0.8368
0.8752
0.8464
0.8431999999999999
0.8016
0.7952
0.8208
0.824
0.8016
0.8048
0.824
0.8304
0.8528
0.8368
0.8336
0.8048
0.8144
0.792
0.7248
0.7376
0.76
0.76
0.744
0.76
0.7056
0.7056
0.728
0.6672
0.6512
0.6096
0.6128
0.6576
0.6384
0.648
0.6288
0.5872000000000001
0.5648
0.4848
0.4848
0.4336
0.4368
0.4464
0.3984
0.3792
0.4336
0.4176
0.424
0.4176
0.488
0.4528
0.488
0.4656
0.4144
0.4112
0.424
0.4688
0.4592
0.376
0.3792
0.3824
0.3696
0.3248
0.424
0.4048
0.4016
0.3792
0.472
0.472
0.4816
0.5072
0.5296
0.5552
0.5648
0.6384
0.664
0.6576
0.616
0.6415999999999999
0.6192
0.6256
0.6384
0.6064000000000001
0.6256
0.6
0.5616
0.5936
0.5584
0.5679999999999999
0.616
0.632
0.6192
0.5968
0.5552
0.5904
0.5968
0.5808
0.5008
0.5488
0.4912
0.4752
0.44
0.3952
0.44
0.5104
0.4752
0.52
0.5135999999999999
0.5072
0.4592
0.4912
0.52
0.5679999999999999
0.5968
0.584
0.6384
0.632
0.6224
0.7151999999999999
0.7376
0.7408
0.7408
0.7568
0.7792
0.792
0.792
0.824
0.8080000000000001
0.8016
0.7824
0.7952
0.7632
0.7344000000000001
0.696
0.7024
0.6832
0.6128
0.6096
0.6736
0.6928
0.664
0.6352
0.6448
0.6288
0.6576
0.7344000000000001
0.7312
0.7728
0.7887999999999999
0.76
0.7568
0.728
0.7056
0.7344000000000001
0.7504
0.7408
0.7088
0.6928
0.6768
0.728
0.712
0.6992
0.7184
0.7824
0.8016
0.8368
0.776
0.7504
0.7024
0.7151999999999999
0.7184
0.6832
0.6704
0.6448
0.6704
0.6448
0.6832
0.6512
0.5904
0.632
0.6256
0.5968
0.632
0.5392
0.552
0.5679999999999999
0.6064000000000001
0.5456
0.5424
0.6544
0.728
0.7376
0.7344000000000001
0.7151999999999999
0.6896
0.6576
0.5712
0.536
0.5584
0.5776
0.5616
0.4944
0.5424
0.5104
0.5135999999999999
0.4784
0.5168
0.5328000000000001
0.5616
0.5776
0.5679999999999999
0.584
0.6256
0.664
0.6768
0.6415999999999999
0.616
0.6096
0.6544
0.5712
0.6032
0.5488
0.5296
0.5104
0.504
0.5072
0.504
0.5712
0.5552
0.5872000000000001
0.5776
0.6256
0.664
0.6384
0.6064000000000001
0.6192
0.5808
0.6128
0.616
0.6415999999999999
0.6768
0.648
0.632
0.6256
0.616
0.6415999999999999
0.6192
0.6415999999999999
0.6512
0.6704
0.6032
0.5648
0.5456
0.4592
0.5232
0.5008
0.4944
0.456
0.5072
0.4976
0.44
0.4176
0.44
0.4016
0.3408
0.3664
0.4144
0.5008
0.4176
0.3984
0.3568
0.3536
0.3408
0.3984
0.3792
0.3888
0.3536
0.3696
0.3376
0.3376
0.3792
0.3408
0.4272
0.3344
0.3152
0.36
0.2672
0.184
0.1712
0.1872
0.1584
0.1904
0.1648
0.2256
0.2512
0.2704
0.2736
0.2544
0.2864
0.2352
0.2224
0.2256
0.2192
0.2896
0.2608
0.2864
0.2416
0.3152
0.3792
0.3856
0.3664
0.3536
0.3216
0.3152
0.3152
0.3056
0.3504
0.3824
0.376
0.4464
0.4208
0.4272
0.4368
0.536
0.5679999999999999
0.5648
0.504
0.5008
0.488
0.4912
0.4528
0.4496
0.504
0.5296
0.4944
0.4688
0.4336
0.4432
0.4624
0.5232
0.5488
0.5712
0.6192
0.6
0.6512
0.6448
0.6832
0.7056
0.696
0.6768
0.6832
0.7024
0.6928
0.7536
0.712
0.6928
0.6096
0.6384
0.6768
0.664
0.744
0.7024
0.7728
0.7312
0.7024
0.6992
0.7216
0.7088
0.6608000000000001
0.6736
0.7056
0.7024
0.6928
0.6576
0.6096
0.5712
0.536
0.5424
0.4976
0.472
0.4304
0.4688
0.4336
0.4368
0.44
0.4272
0.3952
0.4016
0.3824
0.3312
0.2832
0.344
0.3344
0.376
0.3888
0.424
0.4016
0.4304
0.4144
0.376
0.3664
0.408
0.4304
0.4848
0.5072
0.5135999999999999
0.4624
0.4336
0.424
0.456
0.4496
0.4528
0.4752
0.5104
0.504
0.5744
0.5424
0.5296
0.5328000000000001
0.4976
0.4208
0.4624
0.4944
0.5104
0.4656
0.4432
0.5104
0.5072
0.5488
0.5776
0.5488
0.5264
0.5392
0.552
0.5488
0.5456
0.6064000000000001
0.5456
0.5296
0.5904
0.5456
0.5264
0.5135999999999999
0.5552
0.52
0.5424
0.6288
0.5936
0.5584
0.5328000000000001
0.5552
0.584
0.5712
0.5424
0.5392
0.5328000000000001
0.6064000000000001
0.5968
0.6032
0.5679999999999999
0.5392
0.5744
0.5328000000000001
0.5584
0.5712
0.5712
0.5648
0.5712
0.6256
0.6096
0.6672
0.6608000000000001
0.7056
0.6415999999999999
0.6448
0.6576
0.6288
0.6415999999999999
0.6512
0.5808
0.5104
0.4752
0.4496
0.472
0.4208
0.344
0.424
0.3728
0.392
0.3856
0.3888
0.3696
0.3696
0.4592
0.3888
0.4144
0.408
0.4368
0.456
0.4272
0.3632
0.3824
0.4048
0.376
0.408
0.4112
0.4336
0.4176
0.4496
0.4304
0.488
0.4592
0.488
0.4656
0.4976
0.5168
0.5135999999999999
0.4656
0.4912
0.4976
0.5488
0.5488
0.5328000000000001
0.5648
0.5872000000000001
0.5648
0.5296
0.4784
0.4656
0.4688
0.408
0.4592
0.472
0.5135999999999999
0.5104
0.4496
0.4336
0.4144
0.4528
0.3888
0.4176
0.4304
0.4272
0.4528
0.5135999999999999
0.4944
0.504
0.5135999999999999
0.4848
0.3984
0.424
0.44
0.4496
0.328
0.3248
0.3184
0.344
0.3344
0.3344
0.3248
0.3216
0.312
0.36
0.3952
0.408
0.4688
0.4752
0.456
0.4144
0.4016
0.3376
0.3952
0.3632
0.3792
0.4432
0.4464
0.5008
0.5008
0.504
0.5168
0.552
0.552
0.5168
0.5008
0.4656
0.5104
0.5584
0.6096
0.6096
0.5744
0.5392
0.5456
0.5328000000000001
0.5072
0.4624
0.504
0.5648
0.6064000000000001
0.4688
0.424
0.4816
0.4592
0.4432
0.344
0.2896
0.2832
0.2512
0.1616
0.2256
0.2544
0.2864
0.2576
0.328
0.3568
0.3728
0.3024
0.4112
0.4816
0.4272
0.4816
0.4048
0.4304
0.456
0.4144
0.456
0.4368
0.4112
0.3824
0.408
0.2928
0.248
0.2384
0.2928
0.2672
0.3344
0.2416
0.1648
0.2032
0.2512
0.2384
0.2672
0.2512
0.2928
0.2064
0.2032
0.1648
0.1456
0.0432
0.0112
0.0304
0.0272
0.0592
0.0016
0.0496
0.0592
0.1072
0.136
0.0528
0.0432
0.0464
0.06560000000000001
0.0304
0.0176
0.0112
0.0176
0.1072
0.056
0.1136
0.1296
0.0912
0.0752
0.0528
0.0912
0.1168
0.1488
0.152
0.168
0.2224
0.168
0.1872
0.1552
0.09760000000000001
0.1168
0.1264
0.1712
0.1488
0.1488
0.1104
0.1808
0.1168
0.1232
0.1584
0.0848
0.07199999999999999
0.0688
0.0784
0.0368
0.0624
0.06560000000000001
0.07199999999999999
0.1296
0.08160000000000001
0.0432
0.0048
0.06560000000000001
0.0176
0.0592
0.0464
0.024
0.0368
0.0784
0.0464
0.0016
0.06560000000000001
0.0912
0.104
0.09760000000000001
0.0592
0.0592
0.0112
0.0272
0.08799999999999999
0.0784
0.0592
0.0048
0.07199999999999999
0.0784
0.07199999999999999
0.0496
0.04
0.008
0.0368
0.0048
0.0176
0.0784
0.0624
0.0592
0.0912
0.1328
0.1552
0.1616
0.136
0.1808
0.2128
0.1968
0.1712
0.1712
0.1648
0.1616
0.1872
0.2192
0.2736
0.2672
0.296
0.2704
0.2736
0.2448
0.2192
0.2224
0.216
0.1392
0.1616
0.168
0.1648
0.104
0.0688
0.0432
0.1008
0.1264
0.1904
0.184
0.1232
0.1296
0.1136
0.08160000000000001
0.0688
0.0208
0.0048
0.0176
0.0688
0.0752
0.1136
0.1552
0.1808
0.168
0.1424
0.1808
0.1552
0.1296
0.1264
0.2
0.1808
0.1616
0.2128
0.2416
0.2192
0.248
0.28
0.3536
0.2576
0.3152
0.2416
0.1776
0.1264
0.12
0.1424
0.168
0.184
0.168
0.1616
0.1872
0.2032
0.1904
0.1072
0.1072
0.056
0.0048
0.0624
0.0688
0.0016
0.0176
0.0144
0.0464
0.0176
0.1008
0.1072
0.1136
0.1168
0.08160000000000001
0.0528
0.008
0.056
0.1488
0.1808
0.168
0.1872
0.2512
0.232
0.2288
0.2064
0.1392
0.1904
0.2608
0.1936
0.2288
0.2224
0.1904
0.1584
0.1776
0.104
0.0944
0.0208
0.0752
0.0304
0.008
0.0304
0.056
0.104
0.1392
0.1488
0.1424
0.1456
0.1776
0.2544
0.312
0.312
0.3312
0.3056
0.3056
0.3024
0.3184
0.2608
0.2128
0.2288
0.2672
0.2992
0.328
0.344
0.3312
0.3472
0.424
0.4688
0.472
0.5135999999999999
0.52
0.5135999999999999
0.5488
0.5584
0.5296
0.5456
0.5552
0.5488
0.4848
0.4304
0.3952
0.4528
0.5424
0.5648
0.5936
0.5872000000000001
0.632
0.5648
0.6
0.5616
0.5712
0.5168
0.5104
0.4464
0.4432
0.4176
0.4816
0.5296
0.488
0.5104
0.5168
0.5008
0.5968
0.5936
0.5872000000000001
0.6224
0.6544
0.6512
0.6032
0.6288
0.6544
0.6928
0.6768
0.664
0.6352
0.632
0.6704
0.664
0.6352
0.6256
0.6512
0.6128
0.6448
0.6352
0.5712
0.5712
0.5648
0.4944
0.472
0.5104
0.4368
0.4208
0.3632
0.3472
0.3088
0.312
0.3728
0.392
0.3984
0.4304
0.4016
0.3216
0.3504
0.3408
0.3248
0.328
0.3472
0.3504
0.3024
0.3312
0.3792
0.4144
0.4528
0.4304
0.3984
0.3696
0.3952
0.4176
0.4048
0.3824
0.3824
0.3664
0.312
0.2896
0.2352
0.2064
0.1328
0.12
0.1104
0.152
0.1616
0.3312
0.3472
0.2896
0.3184
0.3504
0.2864
0.3184
0.4048
0.4496
0.3952
0.3728
0.2864
0.2832
0.3568
0.36
0.344
0.4112
0.4336
0.3888
0.3504
0.3152
0.2704
0.2128
0.2448
0.2672
0.3472
0.3664
0.3152
0.3312
0.3696
0.3536
0.4208
0.3984
0.4112
0.456
0.456
0.5135999999999999
0.5456
0.5392
0.5488
0.5328000000000001
0.4528
0.4528
0.552
0.6064000000000001
0.6736
0.6256
0.6128
0.6768
0.6928
0.6832
0.7151999999999999
0.8112
0.7728
0.7984
0.7728
0.8112
0.824
0.7824
0.8112
0.8144
0.8016
0.7952
0.7568
0.8016
0.792
0.7728
0.8144
0.8176
0.8112
0.7696
0.6992
0.6896
0.6544
0.6704
0.6384
0.5936
0.6128
0.6256
0.6768
0.664
0.68
0.6384
0.6736
0.664
0.6672
0.6608000000000001
0.5872000000000001
0.5648
0.5488
0.584
0.5616
0.4848
0.5168
0.52
0.4048
0.3728
0.3536
0.3728
0.392
0.4368
0.3824
0.3472
0.3664
0.3568
0.4048
0.3152
0.2704
0.2256
0.3088
0.3568
0.4624
0.4592
0.4272
0.472
0.4976
0.52
0.4624
0.4848
0.4976
0.4976
0.4624
0.472
0.4912
0.5392
0.5456
0.6224
0.6128
0.6128
0.6064000000000001
0.5776
0.6
0.6256
0.5872000000000001
0.6544
0.6256
0.6544
0.6832
0.7024
0.7312
0.7344000000000001
0.7536
0.7151999999999999
0.7728
0.776
0.8272
0.8272
0.8688
0.8624000000000001
0.8336
0.7952
0.7344000000000001
0.744
0.7344000000000001
0.7472
0.7056
0.696
0.6704
0.7088
0.6415999999999999
0.6288
0.6512
0.6512
0.6064000000000001
0.5776
0.6512
0.616
0.6415999999999999
0.6064000000000001
0.6224
0.6288
0.5936
0.6128
0.5712
0.5872000000000001
0.536
0.5552
0.5616
0.5296
0.5456
0.5104
0.5008
0.4464
0.4528
0.4176
0.4336
0.4848
0.5008
0.5072
0.488
0.5168
0.5072
0.5456
0.5584
0.5744
0.5552
0.5712
0.5328000000000001
0.5968
0.5776
0.552
0.552
0.5808
0.5968
0.52
0.5104
0.5232
0.5808
0.536
0.5744
0.5808
0.5552
0.5872000000000001
0.52
0.4944
0.4656
0.4592
0.424
0.3856
0.3312
0.3792
0.3504
0.3216
0.3664
0.3792
0.4144
0.4304
0.44
0.488
0.5296
0.504
0.4944
0.5072
0.4944
0.4016
0.3792
0.392
0.408
0.3952
0.3664
0.36
0.36
0.328
0.3664
0.3248
0.3152
0.3408
0.3408
0.392
0.4048
0.376
0.3632
0.3568
0.3184
0.3152
0.3376
0.3088
0.3312
0.3408
0.2736
0.2448
0.2512
0.168
0.2224
0.2576
0.3312
0.3568
0.3248
0.3664
0.3792
0.3408
0.3312
0.424
0.4304
0.392
0.4336
0.4912
0.584
0.5104
0.5008
0.52
0.5392
0.4976
0.488
0.4752
0.5488
0.5679999999999999
0.6352
0.6576
0.696
0.6864
0.664
0.7024
0.6832
0.6896
0.68
0.7184
0.7056
0.7024
0.6896
0.6928
0.6672
0.6736
0.648
0.6736
0.7151999999999999
0.7151999999999999
0.7151999999999999
0.7184
0.7056
0.6864
0.68
0.696
0.6992
0.7216
0.7184
0.632
0.5552
0.6032
0.6448
0.6352
0.6415999999999999
0.632
0.6672
0.6256
0.5616
0.5552
0.5648
0.52
0.552
0.5712
0.536
0.5072
0.52
0.5808
0.6352
0.5712
0.6224
0.6064000000000001
0.5744
0.5232
0.5104
0.5264
0.5456
0.4912
0.472
0.4208
0.3888
0.4048
0.3952
0.4304
0.3792
0.3888
0.4144
0.4368
0.4144
0.3984
0.3632
0.2832
0.2704
0.2896
0.2448
0.1616
0.168
0.1936
0.2224
0.1936
0.08160000000000001
0.0784
0.0528
0.0144
0.07199999999999999
0.056
0.0016
0.0272
0.0368
0.0368
0.0688
0.06560000000000001
0.0624
0.024
0.0496
0.1232
0.1456
0.1456
0.1552
0.1936
0.1808
0.1616
0.07199999999999999
0.0592
0.08160000000000001
0.08799999999999999
0.0624
0.1104
0.1104
0.0752
0.104
0.08799999999999999
0.1264
0.1392
0.1872
0.1872
0.1712
0.1648
0.1168
0.184
0.1872
0.1648
0.1904
0.1968
0.2
0.2128
0.1776
0.2
0.2416
0.3152
0.2768
0.3024
0.3184
0.28
0.2864
0.184
0.1424
0.152
0.1456
0.1648
0.1488
0.1264
0.1168
0.168
0.152
0.1296
0.2
0.2576
0.2416
0.2576
0.2448
0.2032
0.1552
0.1776
0.1456
0.1584
0.1488
0.1776
0.2096
0.1904
0.2384
0.2512
0.1936
0.2192
0.2768
0.2352
0.264
0.2
0.1968
0.1776
0.2064
0.2128
0.1872
0.168
0.2352
0.2288
0.2416
0.2704
0.3312
0.3664
0.344
0.3184
0.392
0.4912
0.456
0.44
0.3696
0.36
0.3856
0.3632
0.3856
0.4176
0.5168
0.552
0.5679999999999999
0.5584
0.6448
0.5904
0.5584
0.5232
0.4816
0.5264
0.584
0.6448
0.6704
0.6415999999999999
0.648
0.6608000000000001
0.7056
0.7088
0.728
0.7216
0.6704
0.664
0.6096
0.632
0.5872000000000001
0.5616
0.5232
0.6
0.5488
0.5744
0.5584
0.6096
0.6415999999999999
0.616
0.6064000000000001
0.5712
0.5552
0.5872000000000001
0.5264
0.5776
0.584
0.5936
0.6576
0.6288
0.5904
0.5552
0.5584
0.5616
0.5648
0.584
0.5584
0.5808
0.5328000000000001
0.5776
0.5488
0.5456
0.5648
0.5392
0.5488
0.5424
0.5488
0.584
0.5616
0.5328000000000001
0.5616
0.5135999999999999
0.4816
0.4656
0.4912
0.5072
0.4976
0.504
0.552
0.5488
0.5648
0.4976
0.5424
0.5584
0.6064000000000001
0.6224
0.584
0.5808
0.648
0.616
0.5808
0.5456
0.5456
0.5552
0.5328000000000001
0.5072
0.5456
0.5616
0.632
0.6544
0.68
0.6992
0.68
0.6704
0.6704
0.6832
0.6864
0.7472
0.744
0.7088
0.712
0.712
0.7184
0.744
0.6512
0.7568
0.7887999999999999
0.8304
0.8176
0.84
0.8496
0.8624000000000001
0.8431999999999999
0.8368
0.8112
0.8304
0.8528
0.8592
0.8528
0.856
0.824
0.8272
0.8528
0.8592
0.824
0.8272
0.8496
0.8624000000000001
0.8304
0.8368
0.776
0.7632
0.7887999999999999
0.7376
0.7151999999999999
0.6544
0.6768
0.6576
0.6096
0.5808
0.5712
0.5264
0.488
0.5104
0.6
0.6544
0.6544
0.6576
0.6096
0.5936
0.6512
0.5968
0.6032
0.6415999999999999
0.6448
0.6415999999999999
0.6288
0.6864
0.6992
0.7088
0.7376
0.7024
0.6448
0.5968
0.6128
0.5808
0.6384
0.6672
0.6384
0.7024
0.6768
0.6415999999999999
0.6224
0.5904
0.6192
0.6096
0.5968
0.6832
0.6352
0.6192
0.5936
0.5744
0.616
0.632
0.6256
0.6736
0.696
0.6608000000000001
0.6736
0.6992
0.7728
0.8144
0.8016
0.7984
0.8208
0.8016
0.76
0.8080000000000001
0.8144
0.7887999999999999
0.8336
0.792
0.7856
0.7984
0.7856
0.7568
0.728
0.6992
0.7568
0.7024
0.7696
0.7696
0.7824
0.7824
0.7728
0.76
0.792
0.8048
0.8144
0.7824
0.7824
0.76
0.7184
0.7248
0.744
0.7664
0.7504
0.76
0.7664
0.6672
0.7216
0.7248
0.7088
0.6448
0.7184
0.696
0.696
0.6415999999999999
0.6864
0.6384
0.6864
0.7151999999999999
0.7312
0.6896
0.6576
0.5872000000000001
0.6448
0.6128
0.6
0.584
0.5584
0.616
0.6448
0.696
0.7056
0.6576
0.696
0.6672
0.6672
0.6864
0.6224
0.5936
0.5808
0.5488
0.4592
0.4624
0.472
0.504
0.4688
0.44
0.4496
0.488
0.4528
0.5104
0.504
0.4784
0.4912
0.456
0.488
0.504
0.4816
0.4656
0.5104
0.4752
0.4016
0.4624
0.4336
0.4912
0.504
0.4496
0.4144
0.4336
0.4112
0.4464
0.4656
0.4816
0.472
0.4528
0.4112
0.3888
0.3568
0.3856
0.4048
0.4464
0.4784
0.4496
0.4496
0.3888
0.4176
0.456
0.4944
0.4752
0.536
0.5712
0.5872000000000001
0.5616
0.5264
0.5679999999999999
0.5296
0.5648
0.5744
0.6
0.6576
0.6415999999999999
0.6288
0.6608000000000001
0.6064000000000001
0.616
0.6064000000000001
0.5968
0.5904
0.552
0.5968
0.5904
0.6415999999999999
0.6352
0.6448
0.6672
0.6192
0.6224
0.6736
0.7376
0.7952
0.8496
0.8496
0.8816000000000001
0.856
0.8304
0.8304
0.8464
0.8112
0.8048
0.8368
0.8336
0.8464
0.8368
0.856
0.8304
0.776
0.7216
0.728
0.7632
0.7472
0.7408
0.7056
0.68
0.7472
0.7824
0.776
0.8208
0.7984
0.8208
0.8048
0.7824
0.824
0.8464
0.7887999999999999
0.7184
0.712
0.7536
0.7376
0.7536
0.7728
0.7632
0.7792
0.7856
0.8144
0.8464
0.8848
0.888
0.8816000000000001
0.8272
0.84
0.8272
0.7856
0.824
0.8688
0.904
0.8848
0.8688
0.8624000000000001
0.8368
0.84
0.856
0.7856
0.8048
0.7664
0.8048
0.7536
0.8144
0.856
0.8496
0.8848
0.8496
0.8272
0.8112
0.824
0.8528
0.8016
0.8208
0.8272
0.7887999999999999
0.8144
0.7984
0.7728
0.6896
0.7408
0.6992
0.6864
0.6256
0.6736
0.6864
0.6064000000000001
0.616
0.536
0.5168
0.52
0.4528
0.44
0.3472
0.3696
0.3984
0.3792
0.3664
0.4016
0.4304
0.408
0.4176
0.4336
0.44
0.4144
0.3856
0.3824
0.3984
0.3824
0.3856
0.4368
0.3856
0.4272
0.4432
0.424
0.5104
0.552
0.5232
0.472
0.4688
0.4688
0.4912
0.5488
0.5488
0.5584
0.5264
0.5392
0.5648
0.5424
0.6
0.6704
0.648
0.6448
0.6512
0.7312
0.7088
0.6992
0.664
0.664
0.632
0.6576
0.7024
0.7056
0.6512
0.68
0.6544
0.5712
0.504
0.4688
0.5008
0.456
0.4368
0.4816
0.5264
0.5744
0.5679999999999999
0.5552
0.5936
0.6064000000000001
0.5456
0.6
0.6224
0.5808
0.5968
0.584
0.648
0.6064000000000001
0.5264
0.52
0.552
0.5744
0.6
0.5776
0.5552
0.6
0.5776
0.5296
0.4976
0.4784
0.4752
0.4944
0.4432
0.4752
0.4496
0.4912
0.4688
0.4976
0.4752
0.4976
0.456
0.4848
0.4624
0.4688
0.4016
0.4496
0.3824
0.3952
0.408
0.4144
0.4464
0.3632
0.344
0.2864
0.216
0.1712
0.168
0.1296
0.06560000000000001
0.1776
0.168
0.1232
0.1264
0.1296
0.0528
0.1136
0.08160000000000001
0.0624
0.0432
0.0464
0.024
0.06560000000000001
0.0496
0.0432
0.0624
0.0304
0.04
0.1072
0.1136
0.104
0.1008
0.06560000000000001
0.06560000000000001
0.0912
0.1072
0.1232
0.136
0.136
0.1872
0.184
0.1744
0.1456
0.168
0.2224
0.264
0.2832
0.3152
0.248
0.2384
0.1936
0.2448
0.2416
0.2256
0.2096
0.1648
0.1264
0.1584
0.08160000000000001
0.09760000000000001
0.1168
0.08160000000000001
0.08799999999999999
0.1296
0.1392
0.2032
0.1872
0.2
0.2192
0.28
0.232
0.2
0.1936
0.2032
0.2416
0.2224
0.3152
0.248
0.216
0.2256
0.2928
0.2704
0.2544
0.312
0.2928
0.2512
0.2544
0.264
0.264
0.216
0.1648
0.1744
0.1968
0.1328
0.0528
0.0496
0.0784
0.104
0.0912
0.1264
0.152
0.1744
0.2064
0.216
0.1808
0.1744
0.216
0.152
0.2128
0.2192
0.2512
0.248
0.1968
0.2448
0.2768
0.2864
0.2896
0.3152
0.2736
0.3056
0.3024
0.2768
0.2736
0.3568
0.344
0.344
0.2608
0.2096
0.2128
0.216
0.2096
0.2256
0.1552
0.1232
0.0944
0.1296
0.1008
0.1232
0.1264
0.1456
0.1808
0.152
0.1424
0.1808
0.08160000000000001
0.07199999999999999
0.0848
0.0752
0.0528
0.09760000000000001
0.07199999999999999
0.0592
0.0912
0.0464
0.0496
0.0848
0.1264
0.1328
0.1136
0.168
0.184
0.136
0.0592
0.1072
0.1072
0.1264
0.1072
0.1264
0.1456
0.2192
0.248
0.2704
0.2576
0.3536
0.3792
0.3408
0.296
0.2704
0.2768
0.2448
0.248
0.2576
0.3216
0.2896
0.2928
0.2288
0.28
0.3568
0.3344
0.2992
0.3088
0.2832
0.344
0.3248
0.2864
0.392
0.3152
0.3632
0.3248
0.3344
0.376
0.3664
0.4048
0.408
0.3824
0.3472
0.3856
0.3792
0.3824
0.3824
0.4176
0.3664
0.3824
0.3728
0.344
0.3088
0.3472
0.3664
0.3408
0.3408
0.3728
0.344
0.3952
0.3824
0.4304
0.4368
0.4848
0.536
0.472
0.44
0.4368
0.4144
0.4208
0.3984
0.4656
0.4912
0.5488
0.5776
0.584
0.5808
0.6
0.5968
0.5968
0.6032
0.6736
0.6928
0.68
0.648
0.7184
0.6928
0.7344000000000001
0.6928
0.6768
0.6352
0.6736
0.6736
0.664
0.6992
0.68
0.6512
0.648
0.6512
0.6768
0.6704
0.6415999999999999
0.6288
0.5936
0.6064000000000001
0.504
0.5296
0.504
0.5232
0.5072
0.504
0.52
0.4912
0.44
0.4784
0.472
0.5008
0.4336
0.4048
0.4016
0.4016
0.3376
0.312
0.3088
0.2768
0.2768
0.2736
0.2544
0.3312
0.3376
0.312
0.296
0.2992
0.3632
0.392
0.4144
0.4496
0.4432
0.3856
0.3696
0.344
0.3984
0.44
0.4464
0.4912
0.584
0.5264
0.5296
0.552
0.5392
0.4816
0.4464
0.5072
0.5488
0.552
0.5648
0.5744
0.5904
0.6192
0.6128
0.664
0.68
0.7088
0.7312
0.776
0.7504
0.648
0.6256
0.6672
0.6512
0.6128
0.6032
0.632
0.6256
0.6
0.5936
0.5904
0.632
0.6384
0.664
0.6352
0.6352
0.5296
0.5424
0.536
0.552
0.4848
0.4496
0.4368
0.4208
0.4272
0.4208
0.3952
0.4624
0.536
0.5168
0.5264
0.4912
0.52
0.5104
0.5808
0.5936
0.5776
0.5936
0.5872000000000001
0.5744
0.5744
0.5008
0.5456
0.5872000000000001
0.5328000000000001
0.5328000000000001
0.4784
0.5424
0.4944
0.504
0.4496
0.4688
0.504
0.5648
0.6
0.6192
0.5488
0.5616
0.5296
0.5072
0.5008
0.4752
0.5328000000000001
0.5456
0.4304
0.4944
0.5168
0.5679999999999999
0.5456
0.5135999999999999
0.4528
0.4688
0.5008
0.5008
0.4592
0.5616
0.5168
0.5872000000000001
0.6064000000000001
0.5872000000000001
0.6032
0.5744
0.6288
0.6832
0.7088
0.7568
0.712
0.6864
0.68
0.6832
0.7216
0.7504
0.7056
0.7472
0.792
0.7952
0.744
0.6992
0.6352
0.6288
0.6288
0.6
0.6288
0.6864
0.6448
0.6672
0.6415999999999999
0.632
0.6064000000000001
0.6
0.6192
0.6096
0.5808
0.5392
0.5104
0.4976
0.5072
0.4592
0.4784
0.488
0.5264
0.5008
0.5584
0.5648
0.6032
0.5424
0.5296
0.472
0.5712
0.5648
0.5648
0.5616
0.5712
0.5552
0.5872000000000001
0.6032
0.5744
0.5872000000000001
0.6192
0.5808
0.504
0.4848
0.5328000000000001
0.5232
0.5488
0.4528
0.4624
0.4976
0.4912
0.4912
0.5135999999999999
0.5008
0.4432
0.5008
0.5712
0.5712
0.5456
0.5648
0.5679999999999999
0.5264
0.552
0.5424
0.6096
0.6672
0.68
0.6864
0.7151999999999999
0.7568
0.8016
0.7887999999999999
0.7408
0.7184
0.7376
0.7856
0.7856
0.76
0.712
0.6768
0.68
0.7088
0.664
0.6576
0.5679999999999999
0.5392
0.6576
0.6992
0.696
0.664
0.696
0.6864
0.7151999999999999
0.7184
0.6992
0.6832
0.6896
0.6928
0.68
0.7504
0.8048
0.8176
0.7792
0.7536
0.7728
0.7472
0.7824
0.7504
0.7536
0.7728
0.7664
0.7952
0.7887999999999999
0.7984
0.8112
0.8592
0.8528
0.92
0.8912
0.8848
0.8848
0.8688
0.8464
0.7856
0.7696
0.6896
0.7088
0.7248
0.7344000000000001
0.7344000000000001
0.7056
0.728
0.7536
0.7312
0.7151999999999999
0.7216
0.7056
0.7056
0.7568
0.7408
0.7408
0.6864
0.68
0.6896
0.6928
0.7376
0.7344000000000001
0.7088
0.6288
0.6256
0.632
0.632
0.6096
0.6096
0.6256
0.6288
0.68
0.6192
0.6415999999999999
0.6
0.6608000000000001
0.6128
0.6096
0.5968
0.5264
0.584
0.5456
0.4912
0.4496
0.424
0.4112
0.424
0.376
0.392
0.4528
0.4528
0.5296
0.4816
0.4752
0.4688
0.4048
0.4176
0.408
0.3152
0.2928
0.328
0.2544
0.2352
0.2064
0.2
0.2224
0.2064
0.152
0.1616
0.168
0.1808
0.1648
0.1168
0.056
0.0176
0.0016
0.0176
0.0688
0.1104
0.09760000000000001
0.0944
0.06560000000000001
0.1904
0.2512
0.2416
0.2512
0.2832
0.2928
0.3376
0.2928
0.312
0.3856
0.392
0.36
0.4624
0.5232
0.5648
0.6608000000000001
0.6768
0.696
0.68
0.68
0.664
0.6704
0.648
0.6512
0.6064000000000001
0.5872000000000001
0.5776
0.5072
0.5744
0.6128
0.5584
0.584
0.5872000000000001
0.5679999999999999
0.616
0.6064000000000001
0.584
0.5679999999999999
0.5648
0.5488
0.5135999999999999
0.4976
0.5072
0.4816
0.5104
0.4848
0.5104
0.536
0.5392
0.536
0.4912
0.5135999999999999
0.4816
0.4592
0.456
0.552
0.5616
0.5584
0.5264
0.4528
0.488
0.5072
0.4912
0.5168
0.5072
0.6256
0.6544
0.6896
0.7312
0.6512
0.6608000000000001
0.6608000000000001
0.6448
0.6352
0.6704
0.648
0.6288
0.6608000000000001
0.7024
0.7088
0.6832
0.6928
0.7056
0.7248
0.7312
0.8016
0.776
0.76
0.8016
0.7504
0.6928
0.6608000000000001
0.6736
0.6096
0.6832
0.7216
0.6928
0.616
0.6576
0.6832
0.6256
0.6032
0.6415999999999999
0.6864
0.6992
0.6544
0.68
0.6736
0.6704
0.7088
0.7024
0.6544
0.5872000000000001
0.6192
0.6415999999999999
0.68
0.632
0.6224
0.5968
0.5616
0.6
0.5744
0.5968
0.6448
0.6256
0.6576
0.6224
0.6415999999999999
0.5936
0.6064000000000001
0.552
0.6032
0.6192
0.6544
0.6864
0.6928
0.6992
0.6992
0.68
0.7056
0.6384
0.7088
0.7088
0.6736
0.6288
0.5968
0.6032
0.6032
0.6352
0.648
0.6288
0.6415999999999999
0.5872000000000001
0.5488
0.584
0.5488
0.5584
0.5936
0.6
0.5936
0.6256
0.6064000000000001
0.6544
0.7056
0.6736
0.7472
0.7568
0.7792
0.7504
0.7952
0.8080000000000001
0.824
0.8368
0.8431999999999999
0.8431999999999999
0.8592
0.824
0.776
0.8176
0.8304
0.7984
0.7312
0.7376
0.744
0.7056
0.7216
0.7216
0.7536
0.7696
0.7632
0.744
0.7632
0.7664
0.7664
0.7696
0.776
0.7504
0.8016
0.776
0.7536
0.7824
0.776
0.7856
0.7728
0.7824
0.7824
0.8144
0.7887999999999999
0.7312
0.6288
0.6544
0.696
0.7312
0.6992
0.7151999999999999
0.7344000000000001
0.7376
0.6736
0.7248
0.7344000000000001
0.7408
0.76
0.7088
0.7728
0.7376
0.7632
0.7887999999999999
0.8016
0.7887999999999999
0.7792
0.7344000000000001
0.648
0.6768
0.7024
0.7312
0.7024
0.7472
0.7184
0.7024
0.6544
0.7088
0.7024
0.744
0.728
0.712
0.744
0.7472
0.7568
0.7248
0.7472
0.7472
0.7824
0.7664
0.76
0.7408
0.7568
0.7856
0.7408
0.76
0.712
0.7248
0.7632
0.7664
0.7887999999999999
0.76
0.7856
0.824
0.8431999999999999
0.8016
0.8336
0.8912
0.8528
0.7984
0.7887999999999999
0.7632
0.7856
0.744
0.7792
0.792
0.7984
0.8144
0.7984
0.8048
0.8080000000000001
0.7824
0.824
0.712
0.6704
0.7024
0.696
0.728
0.6928
0.712
0.6992
0.6992
0.7248
0.6608000000000001
0.5584
0.5072
0.472
0.4848
0.5232
0.5456
0.4912
0.4784
0.4944
0.5424
0.504
0.4624
0.4944
0.472
0.5168
0.5328000000000001
0.4912
0.456
0.4528
0.5328000000000001
0.5616
0.5616
0.5616
0.4944
0.488
0.4592
0.4912
0.472
0.5232
0.5264
0.5616
0.5104
0.5232
0.5456
0.5456
0.5712
0.5488
0.5616
0.5392
0.5135999999999999
0.5135999999999999
0.5008
0.4688
0.4944
0.4656
0.4688
0.5072
0.4944
0.5104
0.5168
0.4688
0.5104
0.5808
0.5232
0.4976
0.5104
0.5168
0.4848
0.4944
0.5008
0.4752
0.488
0.5104
0.4752
0.44
0.4304
0.4976
0.4528
0.4688
0.4176
0.4528
0.4688
0.488
0.5424
0.5552
0.5552
0.5808
0.5968
0.6032
0.6288
0.6128
0.584
0.5808
0.5168
0.52
0.4784
0.4816
0.5616
0.5616
0.5648
0.4976
0.4656
0.488
0.4784
0.4816
0.5104
0.4848
0.3888
0.3856
0.4528
0.4976
0.5552
0.4624
0.4624
0.4304
0.424
0.424
0.408
0.3728
0.456
0.4272
0.3664
0.3696
0.3056
0.3376
0.4016
0.3984
0.4624
0.4624
0.5168
0.5552
0.5616
0.5872000000000001
0.6064000000000001
0.5904
0.552
0.488
0.5008
0.408
0.3792
0.4528
0.4304
0.4816
0.3952
0.4208
0.4784
0.504
0.4656
0.4624
0.5392
0.5456
0.5679999999999999
0.6384
0.632
0.6096
0.6352
0.6576
0.6288
0.6576
0.5872000000000001
0.6192
0.632
0.6288
0.6096
0.6064000000000001
0.648
0.6064000000000001
0.7312
0.7056
0.7504
0.7824
0.7984
0.7824
0.7376
0.7408
0.7728
0.8144
0.8112
0.8080000000000001
0.792
0.8464
0.8016
0.8144
0.8176
0.84
0.7824
0.7504
0.7856
0.7856
0.76
0.7088
0.7151999999999999
0.712
0.6736
0.68
0.6544
0.6608000000000001
0.6352
0.6128
0.6064000000000001
0.5968
0.584
0.6288
0.6032
0.6672
0.6415999999999999
0.6128
0.6415999999999999
0.6032
0.5904
0.5808
0.584
0.5904
0.5936
0.5968
0.5584
0.5328000000000001
0.5616
0.5744
0.5648
0.5392
0.5104
0.6064000000000001
0.6192
0.584
0.6384
0.6224
0.6384
0.6
0.6256
0.5648
0.5744
0.5135999999999999
0.5008
0.5104
0.488
0.4688
0.4368
0.4432
0.424
0.424
0.5135999999999999
0.536
0.5584
0.5104
0.5679999999999999
0.5872000000000001
0.5424
0.5264
0.616
0.5296
0.5616
0.5456
0.536
0.4784
0.4976
0.44
0.4912
0.5072
0.4784
0.4496
0.472
0.4464
0.4752
0.504
0.4656
0.3888
0.3632
0.392
0.4112
0.3824
0.4272
0.44
0.4656
0.4464
0.4752
0.456
0.4144
0.3888
0.3408
0.3312
0.4016
0.3984
0.4048
0.4624
0.5424
0.5296
0.5135999999999999
0.44
0.4464
0.4144
0.4176
0.4144
0.3824
0.4336
0.44
0.4624
0.5135999999999999
0.5392
0.5264
0.5264
0.5104
0.5552
0.6128
0.6512
0.648
0.6544
0.6256
0.6384
0.6576
0.5904
0.6128
0.6224
0.5648
0.6192
0.6448
0.6128
0.6544
0.632
0.6512
0.5904
0.616
0.5456
0.5264
0.5232
0.5072
0.4976
0.488
0.4912
0.504
0.5424
0.5072
0.5296
0.5296
0.5104
0.6
0.5296
0.5424
0.6
0.6192
0.6544
0.5968
0.5456
0.5104
0.5424
0.5488
0.4592
0.4688
0.4784
0.472
0.4816
0.5552
0.536
0.5264
0.5296
0.5296
0.5264
0.5135999999999999
0.5648
0.5808
0.5264
0.5135999999999999
0.536
0.5679999999999999
0.5328000000000001
0.5392
0.5456
0.5584
0.5296
0.5456
0.5232
0.5104
0.4688
0.424
0.4976
0.4656
0.4368
0.4688
0.4016
0.3056
0.3248
0.2608
0.168
0.1744
0.2064
0.2352
0.1904
0.1488
0.1872
0.1808
0.2832
0.216
0.1744
0.08799999999999999
0.0432
0.0464
0.0112
0.0304
0.04
0.024
0.0272
0.008
0.0464
0.008
0.0144
0.0048
0.0208
0.0144
0.0272
0.08799999999999999
0.1168
0.1648
0.1168
0.1648
0.152
0.168
0.1712
0.184
0.2512
0.2704
0.3696
0.408
0.3888
0.44
0.4336
0.4112
0.4528
0.4336
0.4048
0.3664
0.3824
0.3888
0.4336
0.4592
0.4848
0.504
0.4624
0.4016
0.4784
0.4336
0.4912
0.4752
0.4144
0.4144
0.4688
0.4912
0.4464
0.5424
0.4688
0.4496
0.4432
0.4336
0.4432
0.44
0.4432
0.408
0.3632
0.3376
0.344
0.4048
0.408
0.4176
0.4144
0.424
0.4176
0.392
0.44
0.44
0.504
0.4432
0.5168
0.504
0.5135999999999999
0.4368
0.4624
0.4944
0.4816
0.4368
0.4688
0.5104
0.4816
0.4624
0.4976
0.4112
0.3824
0.4208
0.4016
0.3536
0.3696
0.3792
0.392
0.424
0.3792
0.4528
0.456
0.3696
0.4208
0.472
0.4176
0.44
0.36
0.3024
0.2928
0.3152
0.312
0.2704
0.2448
0.2448
0.1904
0.1328
0.0464
0.0912
0.0912
0.0432
0.0176
0.0176
0.0464
0.024
0.0464
0.024
0.0304
0.0304
0.0176
0.008
0.1264
0.1104
0.07199999999999999
0.0784
0.0208
0.0432
0.0912
0.1008
0.168
0.2064
0.2448
0.2416
0.216
0.2032
0.1008
0.1136
0.104
0.0848
0.0848
0.09760000000000001
0.0592
0.104
0.1136
0.168
0.136
0.0944
0.104
0.1584
0.1872
0.1616
0.1904
0.1872
0.2064
0.1808
0.216
0.2384
0.2544
0.2576
0.2448
0.232
0.2352
0.328
0.3984
0.3536
0.344
0.2992
0.2864
0.3312
0.4144
0.4432
0.504
0.488
0.5008
0.5008
0.4528
0.4592
0.456
0.4624
0.4272
0.456
0.4848
0.4144
0.4592
0.3728
0.312
0.2896
0.3408
0.3568
0.3536
0.3568
0.3632
0.3504
0.2896
0.2928
0.2544
0.2544
0.2448
0.2288
0.184
0.2224
0.168
0.1776
0.2096
0.2128
0.2352
0.2608
0.248
0.2736
0.2416
0.296
0.2608
0.1968
0.08160000000000001
0.0912
0.12
0.1456
0.1168
0.1392
0.1712
0.2
0.2544
0.2192
0.1456
0.2096
0.248
0.232
0.2256
0.2256
0.2704
0.2832
0.2704
0.2576
0.2672
0.3408
0.4336
0.3952
0.312
0.3376
0.328
0.36
0.3344
0.2544
0.2064
0.2192
0.184
0.1808
0.0528
0.04
0.0048
0.0848
0.0784
0.0144
0.0016
0.0336
0.0048
0.0592
0.0112
0.0144
0.0848
0.0688
0.104
0.09760000000000001
0.0944
0.1072
0.0848
0.1264
0.1168
0.0752
0.0464
0.0784
0.1008
0.12
0.0752
0.0848
0.0368
0.0048
0.0016
0.0336
0.06560000000000001
0.0144
0.0304
0.0336
0.06560000000000001
0.04
0.07199999999999999
0.1456
0.2128
0.1264
0.1104
0.0304
0.07199999999999999
0.1424
0.1168
0.136
0.1616
0.2384
0.3024
0.3504
0.3152
0.3152
0.3824
0.4272
0.4496
0.4272
0.3952
0.3856
0.3088
0.3568
0.3536
0.3312
0.3312
0.3664
0.392
0.3888
0.4112
0.4208
0.4816
0.4624
0.4624
0.472
0.4912
0.5296
0.5168
0.5488
0.5584
0.5456
0.5968
0.6192
0.6415999999999999
0.6064000000000001
0.68
0.6864
0.6576
0.6992
0.6928
0.696
0.6896
0.6928
0.7024
0.648
0.6128
0.6448
0.6352
0.6704
0.6448
0.6704
0.6288
0.6448
0.6448
0.6832
0.7151999999999999
0.744
0.7216
0.6544
0.6544
0.6608000000000001
0.632
0.6896
0.696
0.6704
0.6384
0.6992
0.7536
0.728
0.68
0.68
0.7376
0.7504
0.7536
0.7216
0.7472
0.7568
0.7216
0.712
0.7216
0.712
0.6415999999999999
0.616
0.6032
0.5904
0.616
0.632
0.68
0.7088
0.712
0.7151999999999999
0.68
0.6864
0.7536
0.76
0.728
0.7344000000000001
0.7344000000000001
0.7184
0.696
0.6544
0.648
0.6256
0.6415999999999999
0.6352
0.664
0.68
0.664
0.6384
0.648
0.6224
0.4784
0.4624
0.4336
0.4144
0.4144
0.4048
0.3696
0.36
0.4176
0.3664
0.4496
0.3664
0.3632
0.2672
0.2672
0.3024
0.344
0.3056
0.3056
0.3248
0.3376
0.3664
0.3952
0.4016
0.3088
0.28
0.264
0.248
0.232
0.2544
0.2768
0.2704
0.2992
0.2832
0.3408
0.3152
0.2672
0.216
0.2384
0.232
0.1712
0.264
0.312
0.3344
0.3568
0.3472
0.3792
0.3056
0.3024
0.248
0.3696
0.4336
0.4144
0.424
0.4016
0.3504
0.3504
0.3568
0.3248
0.2992
0.328
0.344
0.3664
0.3824
0.392
0.3312
0.3696
0.3856
0.3824
0.3344
0.2576
0.2384
0.232
0.2192
