0.024
0.0944
0.3824
0.6128
0.792
0.8368
0.8912
0.9008
0.9328
0.9167999999999999
0.904
0.9488
0.9360000000000001
0.952
0.9167999999999999
0.9167999999999999
0.9232
0.9392
0.9167999999999999
0.9232
0.9104
0.9328
0.9232
0.9167999999999999
0.9424
0.9584
0.9456
0.9424
0.9264
0.9136
0.92
0.9264
0.9584
0.9360000000000001
0.9136
0.92
0.8784
0.8848
0.9136
0.9328
0.9136
0.92
0.9136
0.9232
0.9296
0.9424
0.9424
0.9392
0.9264
0.9328
0.9488
0.9552
0.9488
0.9456
0.9232
0.9360000000000001
0.9360000000000001
0.9360000000000001
0.9072
0.9167999999999999
0.9232
0.9424
0.9264
0.9167999999999999
0.9136
0.8848
0.9264
0.9264
0.92
0.9072
0.8656
0.8976
0.9136
0.9104
0.8976
0.904
0.9296
0.9296
0.9104
0.9392
0.9360000000000001
0.8976
0.9232
0.9328
0.952
0.9424
0.9392
0.9424
0.9488
0.9424
0.9264
0.8976
0.9296
0.9167999999999999
0.9104
0.9328
0.9552
0.9456
0.952
0.9392
0.9488
0.9264
0.952
0.9584
0.9392
0.9328
0.904
0.9104
0.8784
0.8752
0.8656
0.9104
0.9296
0.9424
0.9296
0.9328
0.9264
0.9392
0.9424
0.9328
0.9424
0.9264
0.92
0.9232
0.9104
0.9360000000000001
0.9167999999999999
0.9072
0.9296
0.9167999999999999
0.9552
0.9328
0.9392
0.9488
0.904
0.92
0.9392
0.9232
0.9296
0.9488
0.9552
0.952
0.9232
0.8976
0.9072
0.92
0.904
0.92
0.9136
0.9296
0.9232
0.9232
0.9360000000000001
0.9360000000000001
0.904
0.888
0.8848
0.8912
0.9296
0.9296
0.9072
0.9328
0.952
0.9392
0.9392
0.9456
0.9328
0.9008
0.92
0.9296
0.9360000000000001
0.9552
0.9424
0.9392
0.9008
0.9104
0.9424
0.9360000000000001
0.92
0.9296
0.9424
0.9328
0.9232
0.9392
0.92
0.92
0.9328
0.92
0.9328
0.9424
0.9424
0.9008
0.8944
0.8944
0.9296
0.9167999999999999
0.952
0.9584
0.9328
0.9360000000000001
0.9392
0.952
0.9167999999999999
0.92
0.9328
0.9232
0.9232
0.9392
0.9360000000000001
0.92
0.9360000000000001
0.9424
0.8976
0.8944
0.8976
0.888
0.92
0.9264
0.9136
0.904
0.8944
0.9167999999999999
0.9167999999999999
0.9136
0.8816000000000001
0.9232
0.9136
0.9328
0.9072
0.9392
0.9232
0.9232
0.9488
0.9008
0.9296
0.92
0.952
0.9360000000000001
0.9296
0.9424
0.952
0.9264
0.9360000000000001
0.9488
0.9456
0.9232
0.8976
0.872
0.8912
0.92
0.9264
0.9552
0.9424
0.9360000000000001
0.9232
0.904
0.9360000000000001
0.9424
0.9488
0.9584
0.9008
0.9264
0.9392
0.9584
0.9296
0.9488
0.9296
0.9167999999999999
0.9264
0.9488
0.952
0.9360000000000001
0.9424
0.9232
0.92
0.9104
0.9360000000000001
0.92
0.9136
0.9360000000000001
0.9392
0.9232
0.9104
0.9104
0.8816000000000001
0.888
0.904
0.8944
0.9136
0.9008
0.9296
0.9328
0.9264
0.9072
0.9264
0.9328
0.9616
0.9552
0.9328
0.9584
0.9424
0.9456
0.9360000000000001
0.92
0.9360000000000001
0.9424
0.9296
0.9104
0.9232
0.9360000000000001
0.9104
0.8624000000000001
0.9008
0.9008
0.9232
0.9360000000000001
0.9488
0.9296
0.9167999999999999
0.9360000000000001
0.9072
0.888
0.9008
0.92
0.9264
0.9104
0.8688
0.8816000000000001
0.888
0.8752
0.9136
0.904
0.9136
0.9392
0.9136
0.9136
0.9232
0.9072
0.9264
0.9296
0.9232
0.8912
0.92
0.9167999999999999
0.9167999999999999
0.9264
0.9360000000000001
0.9264
0.9360000000000001
0.9072
0.9584
0.9296
0.9488
0.9328
0.9136
0.92
0.9424
0.9136
0.9296
0.9104
0.9264
0.9264
0.92
0.9264
0.9488
0.9360000000000001
0.8976
0.8912
0.9008
0.9328
0.9552
0.9552
0.9616
0.952
0.9328
0.9328
0.9456
0.9264
0.9488
0.9424
0.9456
0.9296
0.9232
0.9328
0.9296
0.9264
0.9456
0.9360000000000001
0.9136
0.9136
0.9104
0.9232
0.92
0.9328
0.9552
0.9584
0.9392
0.9264
0.8944
0.9136
0.9104
0.8912
0.904
0.8912
0.8912
0.92
0.9264
0.9104
0.9167999999999999
0.9296
0.9296
0.9296
0.9167999999999999
0.9072
0.8976
0.9424
0.9167999999999999
0.8624000000000001
0.9167999999999999
0.9488
0.9424
0.9328
0.9136
0.9136
0.9264
0.9296
0.9488
0.9232
0.9392
0.9424
0.8752
0.904
0.904
0.9136
0.9424
0.9456
0.9424
0.9552
0.9424
0.9424
0.9296
0.9104
0.9104
0.9328
0.904
0.9136
0.9232
0.904
0.8976
0.8944
0.8944
0.8944
0.9104
0.9360000000000001
0.9232
0.9392
0.9072
0.9264
0.952
0.9296
0.9456
0.9264
0.9296
0.9296
0.9360000000000001
0.9296
0.9167999999999999
0.9072
0.9264
0.9136
0.9488
0.9456
0.9264
0.9488
0.9264
0.9456
0.9456
0.952
0.9456
0.9328
0.9360000000000001
0.9264
0.9424
0.9392
0.9648
0.8912
0.9328
0.9328
0.92
0.9424
0.9552
0.92
0.8944
0.904
0.9328
0.9104
0.9104
0.9328
0.9488
0.9424
0.9328
0.9424
0.9488
0.9392
0.9456
0.9296
0.9232
0.9264
0.9136
0.92
0.9072
0.8816000000000001
0.8752
0.9328
0.9424
0.9264
0.9104
0.9072
0.9264
0.9328
0.9328
0.9488
0.904
0.9264
0.9136
0.9167999999999999
0.9488
0.9328
0.9072
0.8784
0.9167999999999999
0.952
0.9424
0.9136
0.9328
0.8944
0.9072
0.92
0.9264
0.9264
0.856
0.8592
0.9072
0.9232
0.9232
0.9552
0.968
0.9616
0.9232
0.9167999999999999
0.9488
0.9264
0.9104
0.9167999999999999
0.9008
0.9167999999999999
0.9104
0.9296
0.9392
0.9232
0.9136
0.9296
0.9167999999999999
0.92
0.8944
0.8816000000000001
0.9104
0.9456
0.9136
0.92
0.9616
0.9360000000000001
0.9232
0.9296
0.9232
0.9167999999999999
0.9296
0.9392
0.9424
0.9392
0.9552
0.9456
0.92
0.9264
0.9424
0.9392
0.9488
0.9456
0.9392
0.9104
0.9360000000000001
0.9328
0.9328
0.9360000000000001
0.9296
0.9232
0.9328
0.9136
0.9328
0.9167999999999999
0.9296
0.9488
0.9424
0.9264
0.9552
0.9392
0.9296
0.9232
0.9232
0.9360000000000001
0.9424
0.9648
0.9584
0.9552
0.9488
0.9488
0.9296
0.9328
0.9392
0.9264
0.9424
0.9360000000000001
0.9136
0.9264
0.9552
0.9232
0.9264
0.92
0.9264
0.9328
0.9264
0.9136
0.8944
0.92
0.9232
0.9008
0.9232
0.8816000000000001
0.92
0.9232
0.92
0.9232
0.9104
0.9360000000000001
0.9328
0.9328
0.9424
0.9328
0.9424
0.8976
0.8976
0.9072
0.952
0.9232
0.9232
0.904
0.9167999999999999
0.9296
0.9360000000000001
0.9232
0.9488
0.9456
0.9456
0.9424
0.9296
0.9328
0.9488
0.9616
0.9616
0.9456
0.8912
0.9104
0.9072
0.9264
0.9392
0.9392
0.92
0.9328
0.9296
0.9328
0.9167999999999999
0.9167999999999999
0.92
0.9360000000000001
0.9296
0.9392
0.9424
0.9264
0.9328
0.9424
0.9360000000000001
0.9360000000000001
0.9360000000000001
0.9264
0.9360000000000001
0.9488
0.9616
0.968
0.9392
0.9488
0.9456
0.9296
0.92
0.9167999999999999
0.9296
0.9424
0.9296
0.9488
0.9296
0.9136
0.9167999999999999
0.904
0.9232
0.92
0.9456
0.9136
0.9104
0.9136
0.9232
0.9136
0.9232
0.92
0.9296
0.9456
0.9648
0.9552
0.9167999999999999
0.9167999999999999
0.9328
0.9232
0.8976
0.9296
0.9167999999999999
0.9232
0.9296
0.9424
0.9296
0.9232
0.8944
0.9072
0.9008
0.9360000000000001
0.9424
0.9232
0.9136
0.9167999999999999
0.9296
0.9232
0.9264
0.9136
0.9104
0.9167999999999999
0.9136
0.9488
0.9552
0.9264
0.9167999999999999
0.9328
0.9264
0.9072
0.9136
0.92
0.9104
0.9136
0.952
0.9232
0.9232
0.9552
0.9328
0.9167999999999999
0.9488
0.9167999999999999
0.9167999999999999
0.8784
0.8688
0.8784
0.9072
0.9296
0.9264
0.9104
0.9392
0.9264
0.9167999999999999
0.9360000000000001
0.9264
0.9232
0.9296
0.9008
0.9008
0.9008
0.9104
0.9232
0.9424
0.9296
0.9488
0.9296
0.9488
0.9456
0.9456
0.9488
0.9296
0.9264
0.904
0.9392
0.9360000000000001
0.904
0.9232
0.9104
0.9167999999999999
0.9167999999999999
0.9424
0.9488
0.9488
0.9360000000000001
0.9648
0.9392
0.9360000000000001
0.9456
0.9392
0.952
0.9392
0.9072
0.9456
0.9264
0.9104
0.9008
0.888
0.9136
0.8912
0.9008
0.8976
0.9392
0.952
0.9744
0.9296
0.9328
0.9424
0.9104
0.9008
0.92
0.9296
0.9264
0.9296
0.9296
0.9360000000000001
0.9104
0.9167999999999999
0.9296
0.9296
0.9424
0.9488
0.9584
0.9488
0.968
0.9424
0.9488
0.9360000000000001
0.9264
0.9296
0.9488
0.9360000000000001
0.9424
0.952
0.9360000000000001
0.9424
0.9360000000000001
0.9232
0.9232
0.92
0.9392
0.952
0.9648
0.952
0.952
0.9488
0.9744
0.9584
0.9616
0.9328
0.9328
0.9328
0.9424
0.9584
0.9488
0.9008
0.8912
0.904
0.8944
0.8784
0.8784
0.8624000000000001
0.9136
0.8976
0.9264
0.9136
0.92
0.9136
0.8944
0.9264
0.9424
0.9424
0.9552
0.9456
0.9328
0.9104
0.9008
0.8656
0.8784
0.9167999999999999
0.9456
0.9296
0.9360000000000001
0.92
0.9104
0.9232
0.9136
0.9167999999999999
0.8944
0.888
0.904
0.904
0.9232
0.9488
0.9296
0.9360000000000001
0.9296
0.9072
0.9264
0.9232
0.9392
0.904
0.9392
0.9424
0.9424
0.9616
0.9616
0.9648
0.9488
0.9424
0.9072
0.904
0.888
0.9072
0.92
0.9360000000000001
0.9328
0.9488
0.9424
0.9552
0.9488
0.968
0.968
0.9712
0.8976
0.9104
0.92
0.92
0.952
0.9264
0.9296
0.9488
0.9488
0.9424
0.952
0.9328
0.9392
0.92
0.9456
0.9232
0.9296
0.9136
0.9232
0.92
0.888
0.9232
0.9360000000000001
0.9424
0.9328
0.9167999999999999
0.9264
0.9136
0.9360000000000001
0.9232
0.9488
0.9456
0.9488
0.9584
0.9360000000000001
0.9328
0.9424
0.9104
0.9328
0.9584
0.9328
0.9136
0.9392
0.9296
0.9392
0.9167999999999999
0.92
0.9552
0.9456
0.9296
0.952
0.92
0.9584
0.9296
0.9456
0.9296
0.9392
0.9584
0.9167999999999999
0.9104
0.9264
0.92
0.9167999999999999
0.9232
0.9392
0.9328
0.9392
0.9488
0.9424
0.952
0.9328
0.9456
0.9392
0.9392
0.9167999999999999
0.9296
0.9456
0.9552
0.952
0.9360000000000001
0.9264
0.9360000000000001
0.9360000000000001
0.9456
0.9104
0.92
0.9232
0.9104
0.9328
0.9360000000000001
0.9392
0.9488
0.952
0.9232
0.9167999999999999
0.9328
0.92
0.9328
0.8912
0.8976
0.9392
0.9296
0.9392
0.9456
0.9328
0.9392
0.9552
0.952
0.9264
0.9424
0.9584
0.9456
0.9552
0.9456
0.9328
0.9360000000000001
0.9136
0.9136
0.9456
0.9264
0.9296
0.952
0.9488
0.9584
0.9456
0.9296
0.952
0.9424
0.9328
0.9296
0.8816000000000001
0.8848
0.8848
0.9136
0.92
0.9360000000000001
0.9456
0.9584
0.9712
0.9424
0.9456
0.9104
0.9008
0.9136
0.9232
0.9232
0.952
0.9360000000000001
0.9392
0.9392
0.9360000000000001
0.9392
0.9104
0.9232
0.9360000000000001
0.952
0.9392
0.9552
0.92
0.8976
0.9072
0.9136
0.9167999999999999
0.9104
0.9136
0.92
0.9264
0.9008
0.9360000000000001
0.9264
0.9264
0.9296
0.9167999999999999
0.9232
0.8976
0.8656
0.9167999999999999
0.9360000000000001
0.9616
0.9360000000000001
0.92
0.904
0.904
0.9232
0.9296
0.9456
0.9360000000000001
0.952
0.9360000000000001
0.9392
0.9296
0.9232
0.92
0.9136
0.9424
0.9488
0.9136
0.9136
0.9296
0.968
0.952
0.9488
0.9488
0.968
0.9616
0.9584
0.9360000000000001
0.9104
0.9360000000000001
0.9328
0.9328
0.9167999999999999
0.9136
0.9232
0.9104
0.9136
0.9167999999999999
0.9328
0.9392
0.9424
0.9360000000000001
0.9328
0.9008
0.9072
0.904
0.9360000000000001
0.9552
0.9328
0.9360000000000001
0.9136
0.9392
0.9232
0.9232
0.9296
0.92
0.9136
0.9167999999999999
0.9360000000000001
0.9584
0.9552
0.9424
0.9264
0.9072
0.9264
0.9488
0.9424
0.92
0.904
0.9232
0.9424
0.9328
0.952
0.9648
0.9616
0.8976
0.8848
0.8848
0.9136
0.9167999999999999
0.92
0.9392
0.92
0.92
0.9392
0.9264
0.9392
0.904
0.92
0.9456
0.9424
0.9264
0.9360000000000001
0.9232
0.9456
0.9296
0.9328
0.9488
0.9424
0.9264
0.9008
0.9167999999999999
0.9392
0.9392
0.9456
0.9296
0.9584
0.9488
0.9424
0.9392
0.92
0.9264
0.952
0.9328
0.92
0.9424
0.9648
0.9360000000000001
0.9232
0.9104
0.9104
0.9296
0.9616
0.9552
0.9392
0.9424
0.9104
0.9264
0.9167999999999999
0.9264
0.9296
0.9424
0.888
0.8784
0.888
0.9104
0.9136
0.9392
0.9392
0.952
0.904
0.92
0.9360000000000001
0.9104
0.9167999999999999
0.9264
0.9072
0.904
0.9072
0.8976
0.9136
0.9167999999999999
0.904
0.9104
0.8848
0.9136
0.92
0.904
0.9136
0.92
0.9136
0.9232
0.92
0.8976
0.92
0.9392
0.9456
0.9360000000000001
0.9296
0.9136
0.9104
0.9264
0.9392
0.9232
0.9488
0.9424
0.9296
0.9264
0.9167999999999999
0.92
0.8816000000000001
0.9264
0.9488
0.9552
0.952
0.9424
0.9424
0.9456
0.9136
0.8976
0.9167999999999999
0.92
0.9456
0.9232
0.9104
0.9360000000000001
0.9167999999999999
0.904
0.9072
0.9328
0.9360000000000001
0.9392
0.9136
0.9264
0.9456
0.9392
0.952
0.9488
0.952
0.9360000000000001
0.9167999999999999
0.9232
0.9296
0.9488
0.9424
0.9648
0.9584
0.9552
0.9488
0.8976
0.8784
0.8752
0.9008
0.92
0.9392
0.9552
0.9167999999999999
0.92
0.9328
0.9648
0.9360000000000001
0.9424
0.92
0.9264
0.92
0.92
0.92
0.9488
0.9328
0.9136
0.92
0.9328
0.904
0.8912
0.9232
0.9296
0.9072
0.9232
0.9167999999999999
0.9104
0.9104
0.9456
0.952
0.952
0.9360000000000001
0.9296
0.9232
0.9392
0.904
0.9232
0.9456
0.952
0.9584
0.9584
0.9456
0.9264
0.9328
0.9104
0.8944
0.888
0.8848
0.8912
0.8496
0.8528
0.8912
0.9167999999999999
0.9392
0.904
0.952
0.9456
0.9552
0.9264
0.9584
0.9584
0.9584
0.9296
0.9232
0.9296
0.9104
0.92
0.9424
0.9264
0.9392
0.9392
0.9167999999999999
0.9264
0.9424
0.952
0.9392
0.9296
0.9232
0.9136
0.9424
0.9360000000000001
0.9264
0.9167999999999999
0.9072
0.8912
0.9008
0.904
0.92
0.904
0.9296
0.9296
0.9296
0.9328
0.92
0.9167999999999999
0.9296
0.9392
0.9232
0.9008
0.92
0.9167999999999999
0.9296
0.9392
0.9296
0.9167999999999999
0.9424
0.9456
0.9488
0.952
0.9616
0.9456
0.9648
0.9136
0.9104
0.9136
0.9296
0.9360000000000001
0.9360000000000001
0.9104
0.9392
0.9712
0.9424
0.9488
0.9424
0.9232
0.9296
0.9072
0.92
0.904
0.92
0.92
0.9232
0.9296
0.9328
0.9488
0.9424
0.9296
0.9392
0.9392
0.9328
0.9072
0.9424
0.9552
0.9456
0.9232
0.92
0.9296
0.9328
0.9167999999999999
0.904
0.9456
0.9616
0.9424
0.92
0.9296
0.9232
0.9167999999999999
0.9104
0.9104
0.9424
0.9328
0.9456
0.9488
0.9360000000000001
0.904
0.8944
0.92
0.9456
0.9424
0.9167999999999999
0.9136
0.9136
0.9328
0.9072
0.9360000000000001
0.9136
0.9392
0.8976
0.8752
0.8848
0.904
0.9008
0.9072
0.9008
0.9167999999999999
0.9167999999999999
0.9104
0.904
0.9167999999999999
0.9232
0.8912
0.8656
0.8848
0.8944
0.9392
0.9488
0.9328
0.9488
0.9392
0.9392
0.9296
0.9328
0.9360000000000001
0.9360000000000001
0.9328
0.92
0.9264
0.9232
0.9392
0.9424
0.9392
0.9392
0.9360000000000001
0.9488
0.952
0.9360000000000001
0.9296
0.92
0.9392
0.9328
0.9392
0.9264
0.92
0.9328
0.9328
0.9136
0.9264
0.952
0.968
0.9584
0.9552
0.9424
0.9328
0.9424
0.9296
0.92
0.9167999999999999
0.9136
0.9136
0.8752
0.888
0.8784
0.9136
0.9136
0.9584
0.9616
0.9456
0.9360000000000001
0.9424
0.904
0.9232
0.92
0.9392
0.92
0.92
0.9328
0.9296
0.9424
0.9264
0.9264
0.9232
0.9264
0.9360000000000001
0.952
0.9360000000000001
0.9264
0.9360000000000001
0.9392
0.9232
0.9232
0.9264
0.9360000000000001
0.9296
0.9104
0.8848
0.9264
0.9104
0.888
0.8944
0.904
0.9296
0.9424
0.9296
0.9360000000000001
0.9488
0.9328
0.9136
0.888
0.8976
0.9424
0.9488
0.9328
0.9072
0.9328
0.9136
0.9264
0.9296
0.9072
0.8976
0.8816000000000001
0.92
0.9392
0.9264
0.952
0.9360000000000001
0.9264
0.9008
0.9167999999999999
0.8912
0.8944
0.9104
0.9072
0.9360000000000001
0.9424
0.9008
0.9328
0.9072
0.9167999999999999
0.9328
0.9392
0.9296
0.9424
0.92
0.9072
0.888
0.9232
0.9360000000000001
0.9392
0.9167999999999999
0.9424
0.9552
0.952
0.9424
0.9232
0.888
0.904
0.92
0.9136
0.904
0.9296
0.92
0.9296
0.9360000000000001
0.8944
0.9424
0.9488
0.92
0.9328
0.9584
0.9488
0.9328
0.92
0.9008
0.9232
0.9232
0.9104
0.9488
0.9360000000000001
0.9360000000000001
0.92
0.9008
0.9232
0.92
0.9328
0.9296
0.9328
0.9264
0.9424
0.9072
0.904
0.9424
0.9328
0.9456
0.9264
0.9328
0.9167999999999999
0.9328
0.9328
0.9104
0.8976
0.8944
0.9072
0.9167999999999999
0.9296
0.9104
0.92
0.9456
0.9616
0.9296
0.8912
0.8976
0.8784
0.9264
0.9392
0.9456
0.9296
0.9328
0.9328
0.9232
0.9456
0.9072
0.9488
0.9008
0.9424
0.9552
0.9296
0.92
0.9360000000000001
0.9488
0.9552
0.9456
0.9296
0.8976
0.9136
0.9232
0.9328
0.8976
0.9008
0.9072
0.9104
0.9424
0.9296
0.9264
0.952
0.9136
0.904
0.9136
0.9232
0.9072
0.888
0.8848
0.8912
0.9232
0.9424
0.9552
0.9136
0.9072
0.9360000000000001
0.8976
0.9232
0.9264
0.952
0.92
0.9296
0.9232
0.9328
0.9392
0.9360000000000001
0.9328
0.9104
0.9328
0.9167999999999999
0.9424
0.9456
0.92
0.9296
0.9296
0.92
0.9424
0.9296
0.9424
0.9296
0.9456
0.952
0.9328
0.9232
0.9104
0.9232
0.9232
0.9232
0.8976
0.9072
0.9360000000000001
0.9392
0.9616
0.9264
0.9232
0.9136
0.92
0.9328
0.9264
0.9296
0.9392
0.9424
0.9424
0.9328
0.9264
0.9456
0.968
0.9392
0.9488
0.9488
0.92
0.9296
0.9424
0.9456
0.92
0.9232
0.9136
0.9072
0.9296
0.9264
0.9008
0.8848
0.8816000000000001
0.8944
0.8976
0.92
0.9424
0.8944
0.9167999999999999
0.9232
0.9136
0.92
0.8944
0.9392
0.9296
0.9104
0.9136
0.9424
0.9264
0.9167999999999999
0.8976
0.9296
0.9232
0.9392
0.9104
0.9424
0.9424
0.9104
0.9360000000000001
0.9360000000000001
0.9392
0.92
0.8848
0.9072
0.92
0.872
0.8912
0.9488
0.9456
0.9616
0.9456
0.9424
0.904
0.9167999999999999
0.9392
0.9360000000000001
0.9328
0.9616
0.9264
0.9167999999999999
0.9264
0.9488
0.9456
0.952
0.9456
0.952
0.952
0.9456
0.9392
0.9424
0.9456
0.9488
0.9424
0.9264
0.9424
0.952
0.9424
0.9488
0.9392
0.9328
0.92
0.9360000000000001
0.9296
0.9104
0.9072
0.9616
0.9584
0.9488
0.9360000000000001
0.9167999999999999
0.904
0.9360000000000001
0.9296
0.9328
0.9136
0.9167999999999999
0.8976
0.9167999999999999
0.9136
0.9072
0.9392
0.9264
0.9232
0.9264
0.9456
0.9424
0.9424
0.9104
0.9456
0.9296
0.9104
0.9392
0.92
0.9392
0.952
0.9264
0.9136
0.8784
0.8848
0.9104
0.904
0.8848
0.8784
0.9104
0.952
0.9328
0.9392
0.9360000000000001
0.9167999999999999
0.8624000000000001
0.8944
0.9136
0.9264
0.9072
0.9488
0.9424
0.9424
0.9232
0.9296
0.92
0.9296
0.9392
0.92
0.9328
0.952
0.9456
0.9456
0.9456
0.9648
0.9232
0.9392
0.9328
0.9328
0.9648
0.9392
0.9232
0.9424
0.952
0.9328
0.9328
0.9008
0.92
0.9424
0.9264
0.952
0.9584
0.9392
0.9456
0.9264
0.9456
0.9392
0.952
0.9296
0.9232
0.9104
0.9136
0.904
0.92
0.9167999999999999
0.9424
0.92
0.92
0.9392
0.92
0.9456
0.9296
0.9424
0.9360000000000001
0.9488
0.9584
0.9424
0.9296
0.9264
0.9232
0.9072
0.92
0.92
0.9136
0.9360000000000001
0.9392
0.9296
0.9008
0.9296
0.8976
0.92
0.9136
0.9232
0.9360000000000001
0.9328
0.9296
0.92
0.9392
0.9136
0.9488
0.9456
0.9296
0.9167999999999999
0.9456
0.9296
0.9232
0.9136
0.9296
0.9296
0.952
0.9424
0.9584
0.9328
0.9360000000000001
0.9360000000000001
0.9456
0.952
0.9552
0.952
0.9328
0.9264
0.9328
0.952
0.92
0.9167999999999999
0.9008
0.888
0.8944
0.9264
0.9392
0.9360000000000001
0.9328
0.9424
0.9136
0.9136
0.9008
0.9264
0.9584
0.9360000000000001
0.92
0.9072
0.9104
0.8912
0.9167999999999999
0.9072
0.9072
0.9072
0.8976
0.904
0.9232
0.9167999999999999
0.9264
0.9008
0.9008
0.92
0.9136
0.9264
0.9328
0.9584
0.9392
0.952
0.9264
0.9296
0.9392
0.9360000000000001
0.9424
0.9167999999999999
0.9360000000000001
0.9392
0.9424
0.9616
0.9616
0.9167999999999999
0.9136
0.904
0.8944
0.9232
0.9167999999999999
0.9167999999999999
0.904
0.8784
0.8784
0.872
0.9264
0.9136
0.9008
0.9424
0.9392
0.9232
0.9072
0.9167999999999999
0.9264
0.9392
0.9360000000000001
0.9360000000000001
0.9392
0.9296
0.9136
0.9392
0.9328
0.904
0.9136
0.9104
0.8944
0.9072
0.8944
0.8976
0.8912
0.8944
0.8752
0.9104
0.9104
0.9488
0.9456
0.9392
0.9296
0.9424
0.9232
0.9392
0.9328
0.9392
0.9424
0.9328
0.9136
0.9360000000000001
0.92
0.9136
0.9136
0.9008
0.9167999999999999
0.9136
0.9360000000000001
0.9328
0.9328
0.9136
0.92
0.9328
0.9424
0.9072
0.9456
0.9552
0.9392
0.9232
0.9167999999999999
0.9360000000000001
0.9648
0.9584
0.9584
0.9424
0.9328
0.9296
0.9232
0.9167999999999999
0.9232
0.8784
0.8784
0.92
0.9296
0.9296
0.9328
0.9392
0.9424
0.92
0.92
0.9167999999999999
0.8848
0.9072
0.9264
0.9104
0.904
0.9424
0.9584
0.9552
0.9360000000000001
0.9104
0.9008
0.9232
0.9264
0.92
0.8976
0.9328
0.9072
0.9488
0.9424
0.9392
0.9424
0.9392
0.9328
0.9360000000000001
0.952
0.9712
0.9488
0.92
0.9264
0.9360000000000001
0.9072
0.9232
0.92
0.92
0.9392
0.952
0.9712
0.9744
0.9456
0.9328
0.9296
0.9232
0.9616
0.9584
0.9584
0.9167999999999999
0.9328
0.9392
0.9392
0.9167999999999999
0.952
0.9360000000000001
0.9264
0.9488
0.9328
0.9360000000000001
0.968
0.9584
0.9328
0.9328
0.9392
0.9456
0.9104
0.9296
0.9167999999999999
0.92
0.9136
0.92
0.9296
0.9488
0.9424
0.9392
0.9488
0.952
0.9328
0.9296
0.9232
0.9167999999999999
0.9167999999999999
0.9136
0.904
0.9392
0.9232
0.92
0.9552
0.9616
0.9648
0.9456
0.9167999999999999
0.9136
0.9360000000000001
0.9328
0.9424
0.9072
0.9167999999999999
0.9136
0.9456
0.9232
0.9360000000000001
0.9264
0.9136
0.9136
0.9072
0.92
0.9008
0.9072
0.8976
0.9264
0.9072
0.9167999999999999
0.9456
0.952
0.9552
0.9424
0.92
0.9167999999999999
0.9008
0.9104
0.9136
0.9104
0.9232
0.9008
0.8816000000000001
0.8976
0.9136
0.9456
0.9584
0.9392
0.9552
0.9424
0.9552
0.9264
0.9328
0.92
0.9136
0.9264
0.9456
0.9392
0.9392
0.9296
0.9456
0.9296
0.8912
0.9296
0.9264
0.9296
0.9232
0.8816000000000001
0.8848
0.8688
0.8848
0.8784
0.9104
0.9296
0.9360000000000001
0.9360000000000001
0.9488
0.9360000000000001
0.9616
0.952
0.9360000000000001
0.9264
0.92
0.9360000000000001
0.9456
0.9392
0.9360000000000001
0.9360000000000001
0.9424
0.9328
0.9264
0.9232
0.8944
0.8784
0.8688
0.8944
0.8976
0.9232
0.9296
0.9456
0.9360000000000001
0.9136
0.9264
0.9232
0.9424
0.9424
0.9488
0.92
0.9296
0.9360000000000001
0.9360000000000001
0.92
0.9008
0.9264
0.9232
0.92
0.9008
0.904
0.9008
0.9232
0.9392
0.9072
0.92
0.9136
0.9424
0.9488
0.9488
0.9488
0.9232
0.9232
0.9552
0.9104
0.9424
0.9456
0.952
0.9296
0.9296
0.9136
0.92
0.9296
0.9424
0.92
0.9072
0.8976
0.9008
0.9328
0.9424
0.9232
0.9328
0.9360000000000001
0.9488
0.9392
0.92
0.9296
0.9264
0.9232
0.92
0.92
0.9104
0.9167999999999999
0.9296
0.9328
0.9552
0.9584
0.9328
0.9296
0.9328
0.9360000000000001
0.9264
0.9424
0.9424
0.952
0.9232
0.9456
0.9072
0.9104
0.9104
0.9104
0.9360000000000001
0.9104
0.9232
0.9328
0.968
0.9424
0.9328
0.92
0.9072
0.92
0.9232
0.9072
0.9072
0.9167999999999999
0.9328
0.9360000000000001
0.9232
0.9424
0.9167999999999999
0.9232
0.9392
0.952
0.9296
0.9584
0.9488
0.9167999999999999
0.9296
0.9360000000000001
0.9264
0.9328
0.9008
0.952
0.9008
0.9072
0.9136
0.9296
0.9296
0.9456
0.9456
0.9136
0.9488
0.9072
0.8848
0.9104
0.9008
0.9232
0.9232
0.9328
0.92
0.9328
0.9232
0.9360000000000001
0.9392
0.92
0.8944
0.9264
0.9360000000000001
0.9392
0.9264
0.9360000000000001
0.9424
0.952
0.9584
0.9360000000000001
0.952
0.9392
0.9104
0.9360000000000001
0.9232
0.9072
0.9072
0.9360000000000001
0.9328
0.9167999999999999
0.9328
0.9232
0.9072
0.9328
0.904
0.888
0.8976
0.9328
0.9328
0.9264
0.9104
0.9232
0.9328
0.9104
0.8976
0.9008
0.9392
0.952
0.968
0.9584
0.9328
0.92
0.9296
0.9392
0.9360000000000001
0.9456
0.9488
0.9296
0.9136
0.9072
0.9232
0.9552
0.9488
0.9712
0.9328
0.9296
0.9328
0.9072
0.9360000000000001
0.9392
0.9584
0.952
0.92
0.9232
0.9328
0.9488
0.9552
0.9392
0.9360000000000001
0.9392
0.9424
0.9424
0.9264
0.9328
0.9456
0.952
0.9488
0.9328
0.9008
0.9328
0.9264
0.9072
0.9072
0.9104
0.904
0.9232
0.9232
0.8944
0.8912
0.9296
0.9264
0.9008
0.8784
0.9072
0.9328
0.9136
0.9104
0.9167999999999999
0.9136
0.9232
0.9456
0.968
0.9392
0.9328
0.9424
0.92
0.8784
0.8784
0.904
0.8912
0.9136
0.9072
0.9136
0.952
0.9456
0.9328
0.9360000000000001
0.9392
0.9264
0.9296
0.8912
0.9232
0.9456
0.952
0.8976
0.9296
0.9328
0.9072
0.92
0.9167999999999999
0.9424
0.952
0.9488
0.9136
0.8976
0.8944
0.9264
0.9488
0.9264
0.9328
0.9008
0.92
0.9328
0.9424
0.9136
0.8976
0.9360000000000001
0.9167999999999999
0.9167999999999999
0.9328
0.9264
0.9424
0.9424
0.9264
0.9360000000000001
0.9424
0.9328
0.9296
0.9167999999999999
0.9360000000000001
0.9136
0.9328
0.9296
0.8976
0.9136
0.9392
0.9360000000000001
0.9488
0.9392
0.9167999999999999
0.9232
0.9167999999999999
0.92
0.9104
0.9296
0.9328
0.9136
0.8976
0.8784
0.8976
0.9104
0.8912
0.8976
0.8944
0.9264
0.9296
0.9456
0.9424
0.9392
0.9456
0.952
0.9456
0.9456
0.9456
0.92
0.9424
0.9264
0.9167999999999999
0.9360000000000001
0.9264
0.952
0.9424
0.9424
0.9392
0.9296
0.9392
0.9424
0.9584
0.9392
0.9360000000000001
0.9232
0.9264
0.9072
0.9008
0.904
0.9104
0.8848
0.8944
0.9104
0.9072
0.9360000000000001
0.9264
0.9072
0.9328
0.8976
0.9296
0.9584
0.9616
0.9232
0.9232
0.9296
0.9424
0.9424
0.9264
0.9328
0.9232
0.9296
0.9424
0.9264
0.92
0.9328
0.952
0.9392
0.952
0.9584
0.9360000000000001
0.9488
0.9392
0.9488
0.9104
0.9296
0.9232
0.9360000000000001
0.92
0.9104
0.8944
0.9136
0.9264
0.9360000000000001
0.9424
0.9232
0.92
0.9072
0.9296
0.9296
0.8912
0.9328
0.9232
0.9104
0.9360000000000001
0.9264
0.9167999999999999
0.904
0.9072
0.92
0.9232
0.9328
0.904
0.8976
0.9328
0.9167999999999999
0.9136
0.9008
0.9136
0.9136
0.904
0.92
0.9232
0.9328
0.9136
0.92
0.9167999999999999
0.9264
0.9360000000000001
0.9360000000000001
0.9136
0.9328
0.9328
0.9232
0.9232
0.8944
0.9072
0.9456
0.9552
0.9584
0.952
0.9392
0.9360000000000001
0.9456
0.9104
0.9264
0.8976
0.9008
0.9104
0.8912
0.9072
0.904
0.904
0.9136
0.92
0.9360000000000001
0.9072
0.8976
0.9392
0.9264
0.92
0.9392
0.9360000000000001
0.92
0.9264
0.9424
0.9424
0.9392
0.9232
0.9488
0.9584
0.9616
0.9488
0.9360000000000001
0.9360000000000001
0.9232
0.9008
0.92
0.9328
0.9167999999999999
0.9424
0.9232
0.9392
0.952
0.9360000000000001
0.9424
0.92
0.9360000000000001
0.9360000000000001
0.952
0.9616
0.952
0.9424
0.9360000000000001
0.9264
0.9296
0.9360000000000001
0.952
0.9616
0.9552
0.952
0.9296
0.9296
0.9552
0.9488
0.952
0.9424
0.92
0.9392
0.9424
0.9360000000000001
0.9360000000000001
0.9584
0.9392
0.9552
0.9456
0.9360000000000001
0.9167999999999999
0.8912
0.9232
0.9232
0.9264
0.9424
0.9488
0.9424
0.9360000000000001
0.9360000000000001
0.9360000000000001
0.9360000000000001
0.904
0.9167999999999999
0.92
0.9360000000000001
0.952
0.952
0.9328
0.9232
0.9104
0.8976
0.904
0.9167999999999999
0.9328
0.9360000000000001
0.9552
0.9488
0.952
0.9424
0.9264
0.9392
0.9616
0.9392
0.9424
0.9232
0.9136
0.9264
0.9328
0.9136
0.9264
0.9456
0.9008
0.9072
0.9136
0.9167999999999999
0.9104
0.952
0.9616
0.9392
0.9488
0.952
0.9552
0.9616
0.9552
0.952
0.9456
0.9167999999999999
0.9232
0.9424
0.904
0.9232
0.9456
0.9232
0.9296
0.9104
0.9232
0.9167999999999999
0.9328
0.9232
0.92
0.9392
0.9104
0.9232
0.9456
0.9296
0.9008
0.92
0.8944
0.9072
0.9072
0.9136
0.9264
0.9264
0.9296
0.8976
0.9167999999999999
0.92
0.9104
0.9167999999999999
0.9424
0.9552
0.9552
0.9104
0.9072
0.9296
0.9136
0.9072
0.9167999999999999
0.9296
0.9167999999999999
0.904
0.9264
0.9104
0.9232
0.9232
0.9296
0.9104
0.904
0.9360000000000001
0.9488
0.9232
0.9167999999999999
0.9424
0.9456
0.9392
0.9328
0.9232
0.9072
0.92
0.9232
0.9264
0.9264
0.92
0.8848
0.8976
0.9072
0.9328
0.9264
0.9488
0.9360000000000001
0.9392
0.9104
0.92
0.9296
0.9296
0.9584
0.9488
0.9488
0.9232
0.9232
0.904
0.9104
0.8944
0.8912
0.9104
0.92
0.9167999999999999
0.9328
0.904
0.8848
0.8944
0.9136
0.9328
0.9104
0.9392
0.9616
0.9264
0.9488
0.9328
0.9552
0.92
0.9264
0.9264
0.9167999999999999
0.9264
0.9104
0.8976
0.8944
0.9104
0.9488
0.9232
0.9456
0.9424
0.9456
0.9296
0.8976
0.9424
0.9360000000000001
0.9232
0.9296
0.9424
0.9616
0.952
0.9136
0.8784
0.9008
0.9072
0.952
0.9552
0.9296
0.92
0.9232
0.9232
0.9136
0.8976
0.8944
0.9424
0.9456
0.9264
0.9456
0.9360000000000001
0.9456
0.9456
0.9360000000000001
0.9232
0.904
0.9167999999999999
0.9136
0.9136
0.9072
0.92
0.9104
0.92
0.9232
0.9264
0.9360000000000001
0.9072
0.9232
0.9296
0.9424
0.9136
0.904
0.9167999999999999
0.9072
0.9264
0.9296
0.952
0.9456
0.9424
0.9456
0.9488
0.9424
0.9232
0.9167999999999999
0.9167999999999999
0.9296
0.9392
0.9264
0.9296
0.8592
0.9104
0.92
0.9136
0.9167999999999999
0.8912
0.904
0.872
0.8976
0.9136
0.9328
0.9456
0.9167999999999999
0.9072
0.9008
0.9296
0.8944
0.8976
0.9072
0.8816000000000001
0.8976
0.9136
0.9072
0.9232
0.8912
0.8912
0.9328
0.9360000000000001
0.9232
0.9104
0.9072
0.9328
0.9392
0.9328
0.9167999999999999
0.9136
0.9328
0.9296
0.8976
0.904
0.9136
0.9616
0.9488
0.9424
0.9296
0.9328
0.92
0.9296
0.9456
0.9104
0.9296
0.9296
0.9552
0.9488
0.968
0.952
0.9552
0.9456
0.8944
0.9136
0.9072
0.9167999999999999
0.9136
0.9008
0.92
0.9264
0.9072
0.9167999999999999
0.9104
0.9232
0.9328
0.9264
0.8944
0.9328
0.9360000000000001
0.9616
0.9424
0.9328
0.9392
0.9488
0.968
0.9456
0.9360000000000001
0.9264
0.9232
0.92
0.9488
0.9456
0.9456
0.9648
0.9456
0.9456
0.9360000000000001
0.9264
0.9104
0.904
0.9136
0.904
0.9072
0.92
0.9360000000000001
0.9360000000000001
0.9456
0.9584
0.952
0.9424
0.904
0.9167999999999999
0.9008
0.9008
0.9456
0.9488
0.952
0.9392
0.9648
0.92
0.9264
0.9232
0.8752
0.8592
0.8848
0.9008
0.872
0.92
0.9296
0.9424
0.9296
0.904
0.9264
0.92
0.9456
0.9552
0.9456
0.9456
0.9296
0.9264
0.9424
0.952
0.9584
0.952
0.9456
0.9552
0.9232
0.9360000000000001
0.9167999999999999
0.9136
0.9232
0.904
0.9328
0.9296
0.92
0.9488
0.9296
0.9296
0.9424
0.9167999999999999
0.904
0.904
0.9167999999999999
0.8944
0.904
0.9072
0.9104
0.9456
0.9296
0.9648
0.9232
0.9424
0.9264
0.9392
0.9264
0.9456
0.9584
0.9488
0.9424
0.9424
0.9328
0.9264
0.952
0.9424
0.9328
0.9456
0.9424
0.9456
0.9648
0.9456
0.9360000000000001
0.9264
0.9264
0.9328
0.9296
0.9456
0.9488
0.9328
0.9328
0.9456
0.9264
0.9167999999999999
0.9072
0.9136
0.9264
0.9360000000000001
0.9328
0.9264
0.9136
0.9424
0.9296
0.9456
0.9328
0.9328
0.9392
0.9136
0.9136
0.92
0.9008
0.8752
0.9136
0.9104
0.9328
0.9167999999999999
0.9072
0.9167999999999999
0.9136
0.9232
0.9136
0.9296
0.9296
0.9360000000000001
0.9264
0.9232
0.9264
0.9104
0.9167999999999999
0.9392
0.9232
0.9072
0.92
0.9424
0.952
0.9392
0.92
0.92
0.8976
0.9104
0.9104
0.9392
0.9264
0.9232
0.9584
0.9264
0.9167999999999999
0.92
0.9296
0.9456
0.9424
0.952
0.9456
0.9296
0.92
0.92
0.9328
0.9167999999999999
0.9072
0.9296
0.9296
0.9296
0.9264
0.9456
0.9584
0.9392
0.9712
0.9744
0.9264
0.9360000000000001
0.9392
0.9264
0.9104
0.9136
0.9456
0.9232
0.9136
0.9392
0.9360000000000001
0.9584
0.9488
0.9232
0.9488
0.9488
0.9744
0.9552
0.952
0.9232
0.9264
0.9008
0.9167999999999999
0.8816000000000001
0.8752
0.8976
0.8848
0.9232
0.9328
0.952
0.9488
0.9392
0.9296
0.9167999999999999
0.9360000000000001
0.9264
0.9136
0.9264
0.9424
0.9328
0.952
0.9424
0.9552
0.9552
0.9392
0.9167999999999999
0.9136
0.9136
0.9296
0.9264
0.9456
0.9488
0.9456
0.9232
0.9232
0.9104
0.9232
0.8976
0.8912
0.904
0.9232
0.9167999999999999
0.9392
0.9296
0.9552
0.9328
0.9360000000000001
0.9167999999999999
0.9328
0.9456
0.9456
0.9424
0.9456
0.9296
0.904
0.9232
0.9264
0.9264
0.92
0.9616
0.9136
0.9424
0.9456
0.92
0.9392
0.9264
0.9072
0.8976
0.8912
0.8752
0.8816000000000001
0.8976
0.9104
0.9104
0.9104
0.8944
0.9328
0.9232
0.9360000000000001
0.9360000000000001
0.9360000000000001
0.92
0.9360000000000001
0.9648
0.9488
0.9360000000000001
0.9392
0.9167999999999999
0.9392
0.9488
0.9232
0.9328
0.9072
0.9104
0.8944
0.8976
0.8496
0.8592
0.8752
0.9008
0.92
0.9296
0.9360000000000001
0.9456
0.952
0.9424
0.9392
0.9488
0.9392
0.9232
0.968
0.9584
0.9488
0.9328
0.9264
0.9296
0.9296
0.9296
0.9392
0.9104
0.9167999999999999
0.9264
0.9424
0.9360000000000001
0.9232
0.9072
0.8976
0.904
0.888
0.904
0.904
0.9136
0.9360000000000001
0.9296
0.8912
0.8784
0.904
0.92
0.9328
0.9552
0.9392
0.9232
0.9296
0.9296
0.9264
0.904
0.9072
0.9008
0.9136
0.9072
0.9072
0.9136
0.872
0.8784
0.8944
0.92
0.9104
0.9360000000000001
0.952
0.9744
0.952
0.9424
0.9104
0.9008
0.9167999999999999
0.9136
0.9167999999999999
0.9328
0.9424
0.8976
0.9167999999999999
0.8848
0.9072
0.9136
0.9136
0.8656
0.888
0.8816000000000001
0.8784
0.9264
0.9648
0.92
0.904
0.9136
0.9104
0.9296
0.9232
0.9424
0.9167999999999999
0.8944
0.9072
0.9008
0.9328
0.9424
0.904
0.9424
0.9264
0.9264
0.92
0.9072
0.9072
0.9167999999999999
0.9232
0.9584
0.9456
0.952
0.9424
0.8976
0.9264
0.9424
0.9360000000000001
0.9264
0.9136
0.9167999999999999
0.9392
0.9328
0.9296
0.92
0.9136
0.9264
0.9392
0.9136
0.92
0.8976
0.9167999999999999
0.9072
0.904
0.9328
0.9392
0.9456
0.9104
0.9328
0.9296
0.9136
0.9424
0.9328
0.92
0.9008
0.9136
0.9136
0.9296
0.9392
0.9296
0.9424
0.9456
0.9552
0.9360000000000001
0.952
0.9296
0.9392
0.9424
0.9552
0.9104
0.9104
0.9456
0.92
0.904
0.872
0.872
0.9136
0.9232
0.9136
0.9328
0.9232
0.9488
0.9296
0.9232
0.9167999999999999
0.9232
0.9552
0.9104
0.9167999999999999
0.92
0.9328
0.9104
0.9232
0.9392
0.8944
0.9296
0.9296
0.9424
0.9424
0.9392
0.9072
0.9296
0.9552
0.9328
0.9328
0.9424
0.9328
0.9104
0.92
0.9167999999999999
0.9424
0.9328
0.9424
0.9232
0.92
0.92
0.9296
0.9104
0.92
0.9167999999999999
0.9264
0.9167999999999999
0.8784
0.888
0.9296
0.92
0.9264
0.952
0.9552
0.9488
0.9456
0.9392
0.9136
0.9136
0.92
0.9136
0.92
0.9264
0.9328
0.9167999999999999
0.9072
0.8976
0.9296
0.9296
0.9360000000000001
0.9296
0.92
0.952
0.9552
0.9328
0.9167999999999999
0.9296
0.9104
0.9264
0.9392
0.9232
0.9328
0.9552
0.9360000000000001
0.9424
0.9136
0.92
0.9456
0.9328
0.92
0.9328
0.9424
0.9328
0.9552
0.9392
0.9328
0.9296
0.9488
0.9616
0.9616
0.9488
0.9296
0.9328
0.9136
0.9232
0.9136
0.9167999999999999
0.9360000000000001
0.952
0.9072
0.9072
0.9104
0.9072
0.9264
0.9167999999999999
0.9456
0.9264
0.9072
0.9264
0.9424
0.9424
0.9072
0.9136
0.904
0.9167999999999999
0.9104
0.9488
0.9392
0.8976
0.9104
0.9264
0.9488
0.9264
0.9296
0.9424
0.92
0.9424
0.92
0.9104
0.904
0.8848
0.9264
0.9232
0.9360000000000001
0.9328
0.9488
0.9328
0.9072
0.9104
0.952
0.9456
0.9360000000000001
0.9296
0.9264
0.9232
0.9424
0.9424
0.9167999999999999
0.9072
0.9136
0.952
0.9488
0.9488
0.9296
0.9328
0.9264
0.8944
0.9104
0.92
0.9072
0.8912
0.888
0.9104
0.9424
0.9296
0.9167999999999999
0.9392
0.9424
0.9424
0.9584
0.9584
0.9328
0.9360000000000001
0.9488
0.9456
0.9456
0.9264
0.9552
0.9296
0.9264
0.9392
0.9360000000000001
0.9296
0.92
0.9328
0.9072
0.9072
0.9264
0.904
0.9296
0.9296
0.9424
0.9424
0.9552
0.92
0.9232
0.8816000000000001
0.888
0.8912
0.9136
0.9488
0.8976
0.8912
0.9008
0.92
0.9232
0.9424
0.9392
0.9296
0.9328
0.9264
0.9392
0.9328
0.9232
0.9296
0.9296
0.9104
0.9232
0.9584
0.9456
0.9136
0.9264
0.9360000000000001
0.9392
0.9552
0.9424
0.9328
0.9488
0.9424
0.9392
0.9136
0.9328
0.9296
0.9360000000000001
0.9232
0.9232
0.9616
0.9552
0.9136
0.9167999999999999
0.9072
0.9072
0.8912
0.9072
0.9072
0.8976
0.9232
0.9232
0.952
0.9392
0.9360000000000001
0.952
0.9552
0.9360000000000001
0.9392
0.9424
0.9360000000000001
0.9424
0.8976
0.92
0.9360000000000001
0.9104
0.92
0.9392
0.9552
0.9232
0.9424
0.9264
0.9424
0.9264
0.9008
0.8944
0.8976
0.9167999999999999
0.9296
0.9232
0.9488
0.9264
0.9584
0.9552
0.9552
0.9424
0.9456
0.9424
0.9456
0.952
0.9392
0.9360000000000001
0.9328
0.888
0.9136
0.9264
0.9424
0.9296
0.9104
0.904
0.9392
0.9456
0.9424
0.9392
0.9488
0.9488
0.9232
0.9488
0.952
0.9456
0.9584
0.9424
0.952
0.9008
0.9104
0.904
0.9232
0.9296
0.9392
0.9167999999999999
0.9712
0.9456
0.9456
0.92
0.9328
0.904
0.9232
0.9456
0.9488
0.9392
0.9232
0.9424
0.9264
0.9296
0.9392
0.952
0.9616
0.9552
0.9392
0.9264
0.8944
0.9167999999999999
0.9264
0.9296
0.9264
0.9328
0.9328
0.9264
0.9167999999999999
0.9296
0.9296
0.9392
0.9232
0.9264
0.9296
0.9360000000000001
0.9008
0.8784
0.8912
0.92
0.9264
0.9264
0.9360000000000001
0.9360000000000001
0.9360000000000001
0.9456
0.9424
0.9360000000000001
0.9552
0.9328
0.952
0.9328
0.904
0.9232
0.9008
0.9296
0.9328
0.904
0.9136
0.9232
0.9488
0.9456
0.9296
0.9456
0.9264
0.9264
0.9488
0.9264
0.92
0.9456
0.9296
0.9167999999999999
0.952
0.952
0.9584
0.9584
0.952
0.9296
0.952
0.9360000000000001
0.9264
0.9264
0.92
0.9136
0.9264
0.9456
0.9616
0.9712
0.9584
0.9456
0.9296
0.8976
0.92
0.9360000000000001
0.9232
0.9392
0.9552
0.9616
0.9616
0.9424
0.92
0.9392
0.9104
0.9456
0.9360000000000001
0.9424
0.9232
0.9104
0.9296
0.9104
0.8912
0.9296
0.9008
0.8944
0.8976
0.9232
0.8912
0.9296
0.9392
0.968
0.9424
0.9456
0.9488
0.9456
0.9328
0.9456
0.9488
0.9360000000000001
0.9296
0.9296
0.9488
0.9232
0.9136
0.9232
0.9072
0.9136
0.9488
0.9360000000000001
0.9360000000000001
0.9584
0.952
0.9360000000000001
0.9264
0.9264
0.9232
0.9392
0.9264
0.9392
0.9360000000000001
0.9104
0.904
0.952
0.9167999999999999
0.888
0.904
0.9552
0.9392
0.9296
0.9648
0.9392
0.9104
0.8816000000000001
0.9264
0.8944
0.8848
0.8976
0.9488
0.9392
0.9584
0.9392
0.9488
0.92
0.9296
0.92
0.9264
0.9104
0.9104
0.904
0.904
0.8976
0.9424
0.9552
0.9167999999999999
0.904
0.9008
0.92
0.9552
0.9392
0.9616
0.9456
0.9616
0.968
0.9552
0.9264
0.8944
0.9296
0.9167999999999999
0.9392
0.9296
0.92
0.9264
0.9360000000000001
0.92
0.904
0.9072
0.9232
0.9456
0.9456
0.9424
0.9584
0.9552
0.9296
0.9392
0.9616
0.9456
0.9456
0.9456
0.9328
0.9296
0.9104
0.9392
0.9296
0.9136
0.9360000000000001
0.9360000000000001
0.9328
0.9456
0.9328
0.9264
0.9167999999999999
0.9328
0.9616
0.9552
0.9456
0.9392
0.9167999999999999
0.92
0.9264
0.92
0.9104
0.92
0.952
0.9328
0.9296
0.9488
0.9424
0.968
0.9584
0.9584
0.9456
0.9104
0.9296
0.9232
0.9584
0.952
0.92
0.904
0.9104
0.9232
0.9167999999999999
0.9296
0.9456
0.9552
0.9552
0.9232
0.9264
0.92
0.9328
0.9456
0.9456
0.9488
0.968
0.9456
0.9424
0.9584
0.9552
0.9296
0.9136
0.9232
0.904
0.92
0.9328
0.9424
0.9456
0.9456
0.9264
0.92
0.9456
0.9360000000000001
0.9296
0.92
0.9456
0.9552
0.9008
0.8976
0.9264
0.9392
0.9167999999999999
0.9072
0.9167999999999999
0.9072
0.9136
0.9072
0.904
0.8944
0.9167999999999999
0.9136
0.9328
0.9136
0.9167999999999999
0.9232
0.9136
0.9104
0.9328
0.9264
0.9424
0.92
0.9232
0.9296
0.9456
0.9360000000000001
0.9167999999999999
0.9328
0.9328
0.9328
0.9392
0.9360000000000001
0.9328
0.9296
0.9616
0.9456
0.9392
0.9584
0.9232
0.888
0.8976
0.9136
0.9360000000000001
0.9232
0.9232
0.9167999999999999
0.9232
0.9232
0.9360000000000001
0.9488
0.9456
0.9616
0.9232
0.9072
0.9296
0.9392
0.9616
0.9552
0.9488
0.9424
0.9072
0.9104
0.9232
0.9232
0.9456
0.9328
0.9424
0.9296
0.952
0.9712
0.952
0.952
0.9424
0.9328
0.9136
0.92
0.9360000000000001
0.8976
0.9264
0.9328
0.9392
0.9264
0.9328
0.9488
0.9616
0.9616
0.9360000000000001
0.9232
0.9264
0.9360000000000001
0.9392
0.9488
0.9584
0.9488
0.9296
0.9584
0.9552
0.9232
0.952
0.9424
0.92
0.9488
0.9424
0.888
0.888
0.8752
0.9008
0.9072
0.9136
0.9136
0.9392
0.9232
0.9264
0.9072
0.9072
0.8688
0.9104
0.92
0.9136
0.9360000000000001
0.9392
0.9552
0.9360000000000001
0.9424
0.9296
0.9616
0.9424
0.952
0.9392
0.9104
0.9072
0.9167999999999999
0.92
0.9232
0.9264
0.9296
0.8944
0.9167999999999999
0.8976
0.92
0.8912
0.92
0.9136
0.9232
0.888
0.888
0.9232
0.9232
0.9232
0.9296
0.92
0.9360000000000001
0.9232
0.9104
0.9296
0.9424
0.9296
0.9072
0.92
0.904
0.92
0.92
0.9360000000000001
0.9296
0.9232
0.9488
0.9552
0.9488
0.9424
0.9392
0.9488
0.9552
0.9424
0.9328
0.8912
0.8816000000000001
0.9072
0.9328
0.9424
0.952
0.9392
0.9456
0.9488
0.9264
0.9072
0.9072
0.872
0.8976
0.9328
0.9360000000000001
0.9584
0.9456
0.8976
0.9136
0.8976
0.9360000000000001
0.9264
0.9360000000000001
0.92
0.9552
0.9488
0.9456
0.9264
0.9360000000000001
0.9456
0.9424
0.904
0.9104
0.9232
0.9360000000000001
0.9360000000000001
0.9232
0.9488
0.9616
0.9648
0.9552
0.9360000000000001
0.9296
0.9072
0.9392
0.968
0.9776
0.9584
0.9424
0.9488
0.9167999999999999
0.9552
0.952
0.9392
0.9264
0.952
0.952
0.9360000000000001
0.9584
0.9360000000000001
0.9296
0.9328
0.9552
0.9232
0.9296
0.9328
0.9392
0.9392
0.9296
0.9424
0.9328
0.9136
0.9232
0.9392
0.9232
0.9072
0.8816000000000001
0.904
0.9328
0.9552
0.92
0.9360000000000001
0.9167999999999999
0.9072
0.904
0.9136
0.9296
0.9392
0.9264
0.9232
0.9136
0.9232
0.9232
0.9392
0.904
0.9360000000000001
0.9328
0.952
0.9360000000000001
0.9392
0.9360000000000001
0.9104
0.9072
0.8944
0.9296
0.9424
0.92
0.9072
0.9136
0.9552
0.9360000000000001
0.9456
0.9264
0.9360000000000001
0.9360000000000001
0.9488
0.9456
0.952
0.9456
0.9232
0.9072
0.904
0.8752
0.872
0.904
0.9104
0.904
0.9167999999999999
0.9072
0.8976
0.8848
0.9104
0.9136
0.952
0.9424
0.9584
0.9360000000000001
0.9392
0.9392
0.9264
0.9232
0.92
0.952
0.9456
0.9360000000000001
0.9167999999999999
0.9008
0.9392
0.9328
0.8912
0.8944
0.92
0.9264
0.9584
0.9488
0.9424
0.9232
0.9167999999999999
0.9072
0.904
0.8976
0.92
0.9136
0.9104
0.9296
0.904
0.904
0.888
0.8912
0.8848
0.92
0.9104
0.9008
0.8816000000000001
0.9424
0.9584
0.9104
0.9328
0.9328
0.9264
0.9296
0.8944
0.9424
0.9392
0.9648
0.9584
0.952
0.9232
0.9008
0.8912
0.9136
0.9072
0.9008
0.9328
0.92
0.9552
0.9424
0.9136
0.9264
0.9360000000000001
0.904
0.8944
0.8912
0.9167999999999999
0.9392
0.9392
0.9232
0.952
0.9456
0.9232
0.9328
0.9552
0.9360000000000001
0.9392
0.9424
0.9296
0.9328
0.9296
0.9232
0.9488
0.9488
0.9264
0.9072
0.9104
0.8784
0.8944
0.888
0.9296
0.9360000000000001
0.904
0.9104
0.9136
0.9296
0.9328
0.9392
0.9264
0.952
0.9104
0.9360000000000001
0.9136
0.904
0.92
0.9328
0.9296
0.9488
0.9264
0.8848
0.872
0.8848
0.9167999999999999
0.9296
0.9232
0.9264
0.9264
0.9392
0.9424
0.9424
0.9296
0.9360000000000001
0.9167999999999999
0.9167999999999999
0.9328
0.9392
0.9488
0.952
0.952
0.9456
0.9456
0.9392
0.9424
0.9488
0.904
0.8976
0.9008
0.8784
0.8912
0.9072
0.9296
0.9328
0.9264
0.9167999999999999
0.9232
0.9296
0.952
0.9552
0.9456
0.9584
0.9296
0.9104
0.9264
0.9167999999999999
0.9232
0.8944
0.9072
0.9296
0.9360000000000001
0.9264
0.9104
0.92
0.9167999999999999
0.9167999999999999
0.9072
0.9264
0.904
0.8944
0.92
0.9232
0.9296
0.9264
0.9552
0.9616
0.9584
0.9167999999999999
0.9360000000000001
0.904
0.9167999999999999
0.92
0.8912
0.9232
0.9264
0.9456
0.9136
0.92
0.9072
0.9552
0.9360000000000001
0.952
0.9456
0.9616
0.9488
0.9552
0.9360000000000001
0.9264
0.92
0.92
0.9424
0.9424
0.9328
0.8912
0.9104
0.9104
0.9264
0.92
0.9136
0.8944
0.8848
0.904
0.8944
0.9360000000000001
0.9296
0.9072
0.9136
0.9167999999999999
0.9167999999999999
0.9104
0.952
0.9424
0.9167999999999999
0.9456
0.9552
0.9360000000000001
0.9296
0.9296
0.9136
0.9072
0.9392
0.9264
0.9232
0.9136
0.92
0.8976
0.9264
0.9392
0.952
0.9712
0.952
0.9392
0.9456
0.9552
0.9232
0.9167999999999999
0.92
0.9264
0.9296
0.9072
0.9392
0.888
0.9104
0.904
0.9296
0.8944
0.8976
0.8848
0.9392
0.9008
0.9008
0.904
0.904
0.92
0.8848
0.9296
0.9232
0.9136
0.9232
0.9136
0.9008
0.9104
0.9264
0.9232
0.9360000000000001
0.9360000000000001
0.952
0.9360000000000001
0.92
0.9360000000000001
0.9264
0.8976
0.9136
0.9392
0.9392
0.9392
0.9296
0.9584
0.92
0.8944
0.9296
0.9360000000000001
0.9136
0.8976
0.9328
0.904
0.9072
0.8944
0.9008
0.9296
0.9232
0.9424
0.9616
0.9328
0.952
0.9392
0.9424
0.9392
0.9328
0.9296
0.92
0.92
0.9552
0.952
0.9360000000000001
0.9167999999999999
0.9008
0.9296
0.9232
0.9264
0.9264
0.9424
0.9456
0.9296
0.9392
0.9584
0.9328
0.9232
0.9552
0.9488
0.9328
0.92
0.9360000000000001
0.9488
0.9232
0.9264
0.9360000000000001
0.9488
0.9392
0.9424
0.9136
0.9392
0.9264
0.952
0.9744
0.9424
0.952
0.952
0.9488
0.9552
0.9232
0.9360000000000001
0.9167999999999999
0.92
0.9392
0.9328
0.904
0.9424
0.9392
0.9296
0.8656
0.7856
0.7536
0.7312
0.712
0.6352
0.5904
0.5712
0.5264
0.4752
0.4176
0.3856
0.3472
0.3088
0.2096
0.232
0.2128
0.184
0.1648
0.184
0.1776
0.104
0.1584
0.1648
0.024
0.0112
0.0016
0.0784
0.06560000000000001
0.0048
0.0464
0.0752
0.0688
0.0848
0.168
0.1648
0.08160000000000001
0.0176
0.0048
0.136
0.0176
0.0176
0.0496
0.024
0.0272
0.0208
0.0112
0.024
0.0304
0.0016
0.0112
0.04
0.0304
0.0432
0.0016
0.056
0.0464
0.0048
0.008
0.0336
0.12
0.1616
0.216
0.2704
0.2416
0.2128
0.2192
0.2544
0.1776
0.2704
0.2416
0.2288
0.216
0.2352
0.2448
0.2352
0.216
0.2896
0.1872
0.12
0.1584
0.136
0.1232
0.0272
0.0688
0.0592
0.0048
0.0464
0.06560000000000001
0.024
0.0048
0.0272
0.0496
0.0272
0.0208
0.056
0.0688
0.0016
0.0208
0.0272
0.0944
0.024
0.0688
0.0752
0.1424
0.216
0.184
0.2352
0.2512
0.2864
0.2096
0.1712
0.1552
0.1328
0.0688
0.0144
0.0304
0.056
0.0752
0.0752
0.008
0.0304
0.0176
0.0016
0.0496
0.0912
0.06560000000000001
0.0528
0.0528
0.0304
0.104
0.0144
0.0144
0.0112
0.0368
0.0432
0.0336
0.07199999999999999
0.07199999999999999
0.0272
0.0016
0.0528
0.0112
0.0208
0.1264
0.0688
0.09760000000000001
0.1232
0.2352
0.2064
0.1552
0.1936
0.1776
0.1872
0.1872
0.1648
0.2032
0.1712
0.1392
0.08160000000000001
0.0208
0.0432
0.0176
0.0176
0.056
0.0272
0.1488
0.1424
0.1136
0.1456
0.136
0.0624
0.024
0.008
0.008
0.0496
0.1424
0.1968
0.1552
0.1424
0.1968
0.2032
0.1648
0.1232
0.0912
0.0304
0.0176
0.0592
0.07199999999999999
0.07199999999999999
0.0912
0.06560000000000001
0.1808
0.216
0.2288
0.2512
0.2992
0.3312
0.3824
0.3792
0.3696
0.3792
0.4304
0.3984
0.3728
0.3344
0.2768
0.2064
0.2576
0.344
0.3152
0.2768
0.3536
0.36
0.4496
0.488
0.5135999999999999
0.5904
0.552
0.5936
0.616
0.6288
0.6032
0.6064000000000001
0.584
0.52
0.4848
0.3952
0.3376
0.3568
0.3728
0.4176
0.3856
0.3024
0.3504
0.408
0.3728
0.2288
0.2256
0.3088
0.2512
0.3344
0.2704
0.232
0.136
0.1616
0.2032
0.1744
0.168
0.1456
0.152
0.1552
0.1264
0.2
0.2352
0.2768
0.328
0.3216
0.2768
0.2096
0.1456
0.12
0.1552
0.168
0.152
0.1488
0.1488
0.08799999999999999
0.08799999999999999
0.1232
0.0432
0.1008
0.0752
0.1168
0.104
0.1232
0.12
0.168
0.168
0.1744
0.2608
0.2672
0.2672
0.1744
0.216
0.248
0.2608
0.264
0.2192
0.2672
0.1872
0.184
0.216
0.3152
0.2576
0.1712
0.2096
0.2544
0.2192
0.2
0.2384
0.2832
0.3216
0.3312
0.3184
0.3056
0.3376
0.3312
0.2896
0.3024
0.232
0.2832
0.2896
0.344
0.3152
0.4304
0.3312
0.3632
0.3152
0.2768
0.2224
0.232
0.3088
0.3344
0.2384
0.2736
0.2384
0.1648
0.1968
0.1136
0.1328
0.216
0.1264
0.136
0.136
0.0688
0.06560000000000001
0.1456
0.1168
0.1168
0.0208
0.024
0.0688
0.12
0.0784
0.1008
0.0848
0.0912
0.1264
0.0784
0.0016
0.0432
0.0016
0.0848
0.0496
0.0496
0.0496
0.0592
0.1008
0.2
0.2288
0.2
0.2576
0.2224
0.2288
0.2448
0.2288
0.1552
0.1392
0.1296
0.07199999999999999
0.0848
0.024
0.0624
0.1008
0.1136
0.0336
0.0112
0.08160000000000001
0.0944
0.1264
0.152
0.1936
0.1712
0.2
0.2096
0.2288
0.2448
0.1168
0.216
0.2384
0.2736
0.2384
0.2096
0.2224
0.2576
0.3216
0.2416
0.2832
0.1808
0.2672
0.2864
0.376
0.4592
0.4144
0.3536
0.3888
0.3088
0.3408
0.3984
0.3184
0.2288
0.152
0.1392
0.08799999999999999
0.1648
0.1616
0.1936
0.1776
0.1776
0.1648
0.104
0.1808
0.1936
0.1296
0.0592
0.0528
0.0304
0.0272
0.0336
0.0528
0.0336
0.08160000000000001
0.0688
0.168
0.2736
0.2352
0.1328
0.1392
0.1744
0.1776
0.136
0.1648
0.2512
0.2064
0.2128
0.2032
0.1552
0.2256
0.2416
0.152
0.1392
0.232
0.2352
0.1488
0.1072
0.1232
0.1552
0.1456
0.12
0.12
0.104
0.0112
0.0464
0.0848
0.1008
0.1456
0.1936
0.1712
0.08799999999999999
0.056
0.0944
0.1648
0.1232
0.0848
0.024
0.0496
0.1264
0.1232
0.1264
0.06560000000000001
0.0208
0.06560000000000001
0.0592
0.0208
0.0144
0.0272
0.0752
0.0752
0.0144
0.0368
0.06560000000000001
0.0048
0.0528
0.152
0.1136
0.0784
0.1072
0.1072
0.0176
0.0304
0.0528
0.0368
0.0432
0.09760000000000001
0.0496
0.0304
0.12
0.1328
0.0336
0.0272
0.0304
0.008
0.0304
0.06560000000000001
0.0784
0.1136
0.1424
0.104
0.1328
0.0528
0.0688
0.0784
0.0016
0.0272
0.0368
0.0144
0.0016
0.0048
0.08160000000000001
0.0592
0.0784
0.136
0.0368
0.104
0.1072
0.1104
0.0624
0.08160000000000001
0.1264
0.152
0.2064
0.216
0.296
0.2512
0.2096
0.1744
0.1648
0.216
0.2096
0.184
0.216
0.2672
0.2672
0.2736
0.2448
0.216
0.2096
0.2288
0.2992
0.3504
0.4272
0.4304
0.3984
0.3728
0.3856
0.4304
0.3856
0.3888
0.3536
0.3824
0.3152
0.3568
0.3984
0.4144
0.4176
0.456
0.3024
0.312
0.328
0.2832
0.296
0.3408
0.1808
0.2096
0.2288
0.1264
0.0112
0.0496
0.04
0.1328
0.152
0.2
0.1584
0.1584
0.1904
0.2576
0.2832
0.1744
0.232
0.216
0.296
0.2544
0.2384
0.264
0.3376
0.2736
0.2896
0.2832
0.2928
0.2992
0.3376
0.2416
0.2448
0.1936
0.1936
0.1936
0.168
0.1648
0.12
0.1552
0.2032
0.1968
0.1552
0.1008
0.1616
0.1232
0.2064
0.1968
0.2384
0.1968
0.1968
0.1936
0.1488
0.1168
0.1648
0.2
0.1488
0.1744
0.1776
0.2576
0.2416
0.216
0.2512
0.248
0.1904
0.264
0.1904
0.2736
0.2896
0.3376
0.4176
0.392
0.36
0.392
0.4528
0.3728
0.3696
0.3216
0.3952
0.4016
0.36
0.3088
0.296
0.3152
0.2672
0.3088
0.248
0.312
0.28
0.2608
0.264
0.2032
0.2032
0.2288
0.2352
0.3344
0.2992
0.264
0.2608
0.1904
0.1552
0.0368
0.0464
0.07199999999999999
0.0848
0.0208
0.0208
0.0336
0.0432
0.09760000000000001
0.1488
0.2352
0.2672
0.2384
0.248
0.28
0.2672
0.2448
0.2544
0.2864
0.2384
0.1904
0.2896
0.3312
0.2672
0.2768
0.2864
0.2768
0.2736
0.2448
0.1552
0.1136
0.1264
0.1648
0.1328
0.104
0.0528
0.0336
0.1072
0.1072
0.0752
0.08799999999999999
0.024
0.0048
0.0176
0.04
0.08799999999999999
0.0304
0.04
0.0752
0.152
0.0944
0.0208
0.0592
0.0144
0.0368
0.0592
0.0048
0.024
0.0208
0.04
0.0048
0.0112
0.0144
0.0176
0.1296
0.08160000000000001
0.04
0.06560000000000001
0.08160000000000001
0.1072
0.152
0.2128
0.2896
0.3088
0.3472
0.3824
0.3312
0.3536
0.3568
0.392
0.424
0.3952
0.376
0.4112
0.3504
0.3696
0.392
0.3568
0.3792
0.344
0.328
0.344
0.3888
0.3728
0.3824
0.3792
0.3952
0.328
0.2224
0.2768
0.2448
0.2192
0.232
0.264
0.2768
0.2416
0.2096
0.28
0.296
0.2704
0.2704
0.3152
0.296
0.3248
0.2544
0.28
0.2704
0.2992
0.2896
0.3344
0.4144
0.3856
0.3728
0.4752
0.4432
0.4208
0.408
0.424
0.4752
0.4784
0.44
0.4208
0.3952
0.3952
0.344
0.328
0.2928
0.3024
0.3248
0.3248
0.3376
0.3248
0.3856
0.4784
0.5424
0.6032
0.5488
0.3952
0.3536
0.2768
0.216
0.2736
0.1968
0.2384
0.2096
0.1104
0.08160000000000001
0.0496
0.0112
0.0144
0.0688
0.1072
0.1328
0.0944
0.0528
0.07199999999999999
0.0336
0.0272
0.0336
0.0144
0.0688
0.1008
0.056
0.0688
0.0496
0.04
0.0176
0.0272
0.0016
0.0592
0.008
0.0624
0.07199999999999999
0.08160000000000001
0.136
0.1456
0.1968
0.264
0.2544
0.232
0.2096
0.1264
0.2256
0.2192
0.2064
0.184
0.1424
0.0752
0.07199999999999999
0.1136
0.09760000000000001
0.136
0.2
0.184
0.2096
0.1616
0.1392
0.1232
0.2096
0.2832
0.28
0.2544
0.2256
0.2384
0.2256
0.1168
0.1776
0.1264
0.0912
0.0368
0.0272
0.0144
0.0272
0.0336
0.0208
0.0048
0.0176
0.0144
0.008
0.0144
0.0208
0.0464
0.0784
0.0528
0.024
0.0304
0.0464
0.1008
0.0432
0.0624
0.0304
0.0528
0.1104
0.0624
0.08799999999999999
0.0336
0.008
0.04
0.0432
0.0496
0.008
0.0368
0.0336
0.0944
0.0496
0.0048
0.0208
0.04
0.0784
0.104
0.104
0.0848
0.0464
0.04
0.024
0.0496
0.0144
0.0208
0.0016
0.0176
0.1072
0.0944
0.1008
0.1168
0.1872
0.1584
0.1424
0.1168
0.0688
0.1584
0.0784
0.0368
0.008
0.0368
0.0016
0.0336
0.0432
0.07199999999999999
0.0624
0.0304
0.0048
0.0112
0.056
0.0176
0.0432
0.08799999999999999
0.0688
0.1264
0.1456
0.1808
0.2416
0.1392
0.1072
0.168
0.2576
0.2992
0.3024
0.2992
0.3824
0.4656
0.4816
0.4144
0.3696
0.3536
0.3408
0.296
0.2544
0.2896
0.3344
0.3952
0.392
0.3888
0.3184
0.2928
0.2768
0.232
0.2192
0.2096
0.1488
0.1712
0.1776
0.1712
0.1904
0.1616
0.152
0.0688
0.1072
0.06560000000000001
0.056
0.0048
0.1136
0.1456
0.1488
0.12
0.0752
0.0176
0.0304
0.024
0.0112
0.0176
0.1104
0.104
0.1232
0.1136
0.1136
0.1392
0.1008
0.008
0.0048
0.0528
0.0496
0.0688
0.0272
0.08160000000000001
0.1008
0.0912
0.06560000000000001
0.07199999999999999
0.0688
0.1424
0.1552
0.1104
0.07199999999999999
0.04
0.0176
0.0272
0.0016
0.0208
0.0112
0.0016
0.07199999999999999
0.1072
0.1392
0.0944
0.12
0.0624
0.1136
0.1392
0.0688
0.136
0.1552
0.1712
0.0944
0.1808
0.1456
0.1008
0.1328
0.1744
0.2
0.1264
0.056
0.1328
0.1168
0.04
0.0848
0.1456
0.1136
0.024
0.06560000000000001
0.0592
0.1392
0.2032
0.1328
0.0688
0.0464
0.0048
0.0144
0.0048
0.04
0.056
0.0688
0.0272
0.09760000000000001
0.136
0.0688
0.0432
0.07199999999999999
0.09760000000000001
0.0688
0.0528
0.0912
0.1104
0.1392
0.08160000000000001
0.0752
0.168
0.0304
0.0336
0.0112
0.0624
0.0528
0.0528
0.0496
0.04
0.056
0.0784
0.06560000000000001
0.0144
0.08160000000000001
0.104
0.0144
0.0304
0.1168
0.0304
0.0272
0.0368
0.07199999999999999
0.0592
0.0752
0.0848
0.0144
0.1456
0.232
0.2352
0.1648
0.1104
0.0912
0.1584
0.2064
0.1968
0.2224
0.2224
0.184
0.2288
0.232
0.168
0.2352
0.1328
0.1616
0.1072
0.1712
0.2416
0.2544
0.296
0.2128
0.2544
0.2352
0.2288
0.1712
0.06560000000000001
0.0688
0.04
0.056
0.0432
0.1008
0.1168
0.1648
0.1168
0.1264
0.0752
0.0624
0.1392
0.184
0.1168
0.1296
0.0752
0.0496
0.1104
0.09760000000000001
0.09760000000000001
0.0784
0.1264
0.08160000000000001
0.1392
0.1744
0.1584
0.1392
0.08799999999999999
0.0592
0.0912
0.1168
0.0848
0.1008
0.1488
0.1296
0.0912
0.0496
0.0528
0.0016
0.0144
0.056
0.0752
0.0208
0.0496
0.0208
0.0112
0.0112
0.0368
0.0368
0.06560000000000001
0.1136
0.1392
0.168
0.1744
0.0752
0.0784
0.104
0.1552
0.152
0.1744
0.2288
0.184
0.184
0.1232
0.0912
0.1168
0.136
0.2288
0.2928
0.2768
0.2064
0.2032
0.06560000000000001
0.0208
0.0272
0.0272
0.0112
0.0272
0.0368
0.08799999999999999
0.0624
0.07199999999999999
0.0752
0.0336
0.0848
0.0624
0.0496
0.1328
0.1936
0.104
0.0304
0.0496
0.0304
0.0144
0.0336
0.0464
0.008
0.056
0.04
0.0144
0.0304
0.08799999999999999
0.1392
0.1424
0.0496
0.0784
0.1168
0.1424
0.1168
0.0112
0.0112
0.0944
0.07199999999999999
0.0784
0.1552
0.1232
0.0144
0.0048
0.024
0.0912
0.0752
0.1104
0.0752
0.1424
0.1616
0.1264
0.0944
0.07199999999999999
0.1456
0.168
0.2288
0.2256
0.2896
0.3728
0.3888
0.3856
0.4272
0.408
0.4528
0.488
0.504
0.4944
0.4624
0.4752
0.5008
0.4848
0.5072
0.5776
0.6032
0.6
0.5264
0.5712
0.5808
0.5712
0.5456
0.5232
0.504
0.5104
0.4816
0.504
0.5232
0.5456
0.4944
0.5296
0.5424
0.5168
0.4752
0.4432
0.456
0.4944
0.44
0.376
0.4272
0.4848
0.4272
0.4592
0.4368
0.3504
0.4112
0.4336
0.4624
0.5328000000000001
0.4912
0.4336
0.3792
0.3472
0.3568
0.3632
0.2992
0.3376
0.3632
0.376
0.2928
0.3056
0.28
0.2672
0.36
0.3152
0.312
0.2736
0.2832
0.344
0.296
0.2736
0.2416
0.3248
0.3056
0.3344
0.3312
0.2928
0.1584
0.0912
0.1552
0.1744
0.1104
0.008
0.0272
0.0048
0.0144
0.0112
0.0752
0.0368
0.06560000000000001
0.0912
0.1584
0.136
0.1104
0.1456
0.1296
0.0848
0.12
0.1584
0.1328
0.09760000000000001
0.0912
0.056
0.0784
0.0688
0.0464
0.08160000000000001
0.0112
0.024
0.0752
0.104
0.0496
0.0848
0.1136
0.1264
0.08799999999999999
0.1168
0.1232
0.0464
0.0144
0.07199999999999999
0.0208
0.0528
0.0624
0.0688
0.04
0.0144
0.0368
0.1104
0.08160000000000001
0.0592
0.0912
0.08799999999999999
0.0624
0.104
0.008
0.0848
0.0304
0.06560000000000001
0.1264
0.1872
0.1616
0.08799999999999999
0.1232
0.2224
0.2
0.2128
0.2352
0.2
0.2128
0.136
0.168
0.1552
0.1488
0.1328
0.1456
0.1168
0.1552
0.0944
0.1936
0.2096
0.152
0.12
0.0944
0.0592
0.1104
0.0752
0.0304
0.0208
0.0112
0.024
0.0624
0.1232
0.0688
0.1104
0.1424
0.1744
0.168
0.1584
0.1232
0.1584
0.1264
0.168
0.1616
0.1488
0.1648
0.1392
0.1552
0.1616
0.12
0.1968
0.1808
0.1424
0.1584
0.2416
0.2096
0.152
0.1392
0.2736
0.232
0.1968
0.1744
0.1648
0.2416
0.1936
0.216
0.2192
0.1296
0.1616
0.184
0.1392
0.09760000000000001
0.08160000000000001
0.1392
0.1968
0.168
0.136
0.136
0.1776
0.0752
0.0624
0.0752
0.0464
0.0112
0.008
0.0368
0.0464
0.056
0.1232
0.1552
0.1776
0.0912
0.1136
0.1104
0.0912
0.1552
0.1712
0.1296
0.0592
0.0432
0.0112
0.008
0.0752
0.0272
0.0432
0.06560000000000001
0.0784
0.07199999999999999
0.0688
0.0848
0.0176
0.08799999999999999
0.0688
0.08160000000000001
0.0752
0.0432
0.024
0.0528
0.0048
0.08160000000000001
0.0784
0.1104
0.1936
0.2576
0.2096
0.2032
0.1648
0.168
0.1968
0.1712
0.1136
0.1808
0.08160000000000001
0.1904
0.1744
0.1808
0.1904
0.184
0.2064
0.2064
0.1808
0.136
0.0336
0.008
0.0528
0.0624
0.0688
0.1104
0.1424
0.1424
0.1296
0.1552
0.1072
0.1488
0.12
0.1488
0.1808
0.1296
0.168
0.1616
0.1872
0.2032
0.12
0.0752
0.056
0.0496
0.0528
0.0176
0.0272
0.024
0.0592
0.0208
0.0496
0.0368
0.0336
0.0432
0.0592
0.08799999999999999
0.0176
0.056
0.0912
0.0944
0.0304
0.0208
0.0368
0.1232
0.0944
0.1104
0.0272
0.0304
0.0464
0.0144
0.0016
0.08799999999999999
0.0432
0.0112
0.0208
0.0752
0.0464
0.0208
0.0752
0.0528
0.0304
0.056
0.0272
0.0112
0.0176
0.0496
0.0624
0.0048
0.0624
0.056
0.08160000000000001
0.06560000000000001
0.0496
0.04
0.152
0.168
0.12
0.1232
0.184
0.2864
0.2896
0.2896
0.2832
0.2192
0.1744
0.1168
0.0528
0.0176
0.008
0.0336
0.0496
0.06560000000000001
0.0144
0.056
0.0848
0.0688
0.0752
0.008
0.0048
0.0752
0.0336
0.0592
0.008
0.0912
0.09760000000000001
0.0176
0.008
0.0688
0.08160000000000001
0.1136
0.1232
0.0592
0.09760000000000001
0.0304
0.0688
0.1232
0.0592
0.1008
0.0944
0.1712
0.1776
0.1104
0.06560000000000001
0.0944
0.1136
0.0144
0.0144
0.0208
0.0112
0.0624
0.024
0.0912
0.1296
0.0752
0.1648
0.1776
0.1392
0.0688
0.1008
0.104
0.1008
0.1296
0.0688
0.0048
0.0368
0.1168
0.2
0.1808
0.2064
0.1968
0.2128
0.2192
0.1872
0.0432
0.152
0.1648
0.232
0.2224
0.12
0.0688
0.1328
0.1552
0.056
0.0336
0.0592
0.0304
0.0144
0.056
0.0784
0.1168
0.1264
0.07199999999999999
0.1072
0.2096
0.1904
0.1776
0.1584
0.1616
0.1808
0.1488
0.1168
0.1552
0.1232
0.1552
0.1584
0.1872
0.1456
0.2032
0.2224
0.1296
0.152
0.152
0.2192
0.168
0.2352
0.3056
0.3056
0.328
0.3568
0.3696
0.3792
0.392
0.392
0.3056
0.2192
0.2128
0.1104
0.1552
0.1776
0.12
0.1424
0.08799999999999999
0.06560000000000001
0.0528
0.0464
0.0432
0.0112
0.0944
0.09760000000000001
0.1424
0.104
0.0912
0.08160000000000001
0.09760000000000001
0.07199999999999999
0.07199999999999999
0.08799999999999999
0.0592
0.0336
0.04
0.1584
0.0688
0.0624
0.0336
0.0016
0.0624
0.0464
0.1104
0.152
0.184
0.2192
0.2736
0.36
0.3632
0.3952
0.3248
0.28
0.344
0.3408
0.4176
0.4624
0.4944
0.4688
0.4912
0.4944
0.4848
0.3664
0.3632
0.28
0.2768
0.376
0.3856
0.3408
0.3504
0.312
0.2512
0.2928
0.3312
0.3056
0.4048
0.3696
0.4208
0.3792
0.2896
0.2672
0.2352
0.248
0.2384
0.2608
0.2
0.2
0.2192
0.2
0.1264
0.0784
0.1232
0.1072
0.0752
0.104
0.0528
0.0048
0.07199999999999999
0.0048
0.008
0.0304
0.0464
0.0304
0.0208
0.0784
0.024
0.008
0.0432
0.06560000000000001
0.0304
0.056
0.08160000000000001
0.0784
0.0304
0.0464
0.0112
0.0496
0.0912
0.1072
0.06560000000000001
0.1104
0.1104
0.1104
0.0048
0.0272
0.0208
0.0208
0.024
0.0336
0.0624
0.1008
0.0432
0.0464
0.0944
0.08160000000000001
0.0272
0.0208
0.0464
0.12
0.1264
0.1872
0.1456
0.1776
0.09760000000000001
0.1392
0.136
0.1552
0.12
0.0752
0.056
0.024
0.0336
0.104
0.0528
0.07199999999999999
0.1104
0.1488
0.1328
0.104
0.1296
0.08799999999999999
0.1552
0.1072
0.0496
0.0144
0.0112
0.008
0.0688
0.0912
0.08799999999999999
0.1104
0.1072
0.09760000000000001
0.0368
0.1104
0.0752
0.024
0.0272
0.07199999999999999
0.1264
0.152
0.2448
0.2448
0.1648
0.2064
0.2128
0.2192
0.312
0.2864
0.1584
0.104
0.0144
0.0432
0.0144
0.0368
0.0272
0.0144
0.0112
0.0112
0.024
0.0784
0.0528
0.07199999999999999
0.0048
0.0272
0.0144
0.0272
0.09760000000000001
0.0944
0.0752
0.0592
0.0944
0.0272
0.0016
0.0336
0.056
0.1104
0.1008
0.1648
0.152
0.06560000000000001
0.0784
0.0368
0.0752
0.1168
0.1136
0.1296
0.1872
0.1552
0.1072
0.06560000000000001
0.0176
0.0432
0.0144
0.104
0.1008
0.09760000000000001
0.0848
0.1488
0.12
0.136
0.12
0.1488
0.0944
0.0464
0.0112
0.0624
0.0336
0.008
0.008
0.0304
0.06560000000000001
0.104
0.1488
0.1648
0.136
0.0944
0.008
0.0272
0.0176
0.0304
0.04
0.0016
0.0176
0.008
0.0144
0.0464
0.0432
0.0464
0.0464
0.0496
0.0144
0.0208
0.024
0.0496
0.0432
0.0304
0.0144
0.008
0.0144
0.0208
0.024
0.024
0.1168
0.1936
0.1904
0.1456
0.1808
0.2032
0.2576
0.2576
0.2832
0.3056
0.2736
0.2832
0.2672
0.2416
0.2704
0.3472
0.3408
0.3472
0.3632
0.3312
0.3952
0.3632
0.3632
0.3792
0.3248
0.376
0.4592
0.3408
0.3888
0.392
0.3856
0.3888
0.3792
0.3568
0.3024
0.2352
0.1584
0.1296
0.2
0.1264
0.0368
0.0208
0.0016
0.0432
0.0208
0.0048
0.0208
0.0144
0.0464
0.12
0.1328
0.1232
0.1264
0.0944
0.0784
0.0528
0.104
0.1264
0.0784
0.0208
0.0016
0.0368
0.08799999999999999
0.08160000000000001
0.09760000000000001
0.024
0.1456
0.09760000000000001
0.056
0.0208
0.0176
0.056
0.0528
0.04
0.024
0.056
0.0528
0.0752
0.1296
0.1264
0.1392
0.0912
0.0464
0.0336
0.1008
0.1136
0.0592
0.0496
0.0176
0.0336
0.008
0.0208
0.0528
0.0208
0.0048
0.04
0.07199999999999999
0.056
0.024
0.0016
0.0144
0.07199999999999999
0.0048
0.0368
0.0624
0.0784
0.07199999999999999
0.104
0.1232
0.1008
0.0848
0.0208
0.0176
0.0496
0.0368
0.0368
0.08160000000000001
0.0496
0.1104
0.168
0.1712
0.1424
0.0368
0.0496
0.0528
0.0112
0.0016
0.0592
0.0912
0.1232
0.1136
0.1168
0.0304
0.0528
0.024
0.0048
0.0336
0.0784
0.0496
0.0112
0.0944
0.0592
0.04
0.04
0.0624
0.08799999999999999
0.1008
0.1232
0.09760000000000001
0.0528
0.04
0.0112
0.0688
0.12
0.08799999999999999
0.1488
0.2192
0.1904
0.1328
0.1456
0.04
0.08799999999999999
0.0432
0.0912
0.08160000000000001
0.0144
0.0272
0.06560000000000001
0.0752
0.0336
0.0048
0.07199999999999999
0.0496
0.008
0.0048
0.0688
0.0784
0.104
0.0496
0.0752
0.12
0.1264
0.0848
0.04
0.0048
0.0944
0.1328
0.1264
0.1584
0.1552
0.1392
0.1456
0.1072
0.1136
0.1008
0.1328
0.1872
0.136
0.0176
0.0112
0.0048
0.0176
0.0176
0.07199999999999999
0.0944
0.104
0.1456
0.152
0.2192
0.1808
0.1296
0.1616
0.1808
0.2256
0.1936
0.376
0.3248
0.2288
0.2256
0.2256
0.2576
0.2896
0.2832
0.2544
0.2992
0.2992
0.2896
0.1712
0.1712
0.152
0.1936
0.136
0.1552
0.0496
0.1104
0.1488
0.09760000000000001
0.1008
0.0112
0.0592
0.1136
0.1808
0.2192
0.248
0.2896
0.2992
0.2512
0.104
0.1072
0.1136
0.104
0.0944
0.07199999999999999
0.0304
0.07199999999999999
0.1552
0.2192
0.2128
0.2288
0.1936
0.2192
0.2064
0.1616
0.1232
0.1456
0.09760000000000001
0.06560000000000001
0.0336
0.0848
0.1104
0.07199999999999999
0.0912
0.0688
0.0528
0.0016
0.06560000000000001
0.0336
0.1136
0.1392
0.2032
0.1552
0.2064
0.2256
0.264
0.1776
0.1744
0.1872
0.1712
0.0944
0.024
0.0336
0.008
0.008
0.0592
0.1232
0.1328
0.1392
0.2064
0.1968
0.1584
0.1936
0.06560000000000001
0.0144
0.1072
0.1136
0.0944
0.0528
0.1456
0.184
0.0912
0.0272
0.0368
0.008
0.0144
0.0528
0.0048
0.0304
0.0048
0.04
0.0272
0.0048
0.0848
0.0496
0.0688
0.0624
0.07199999999999999
0.0432
0.0016
0.0272
0.07199999999999999
0.0464
0.12
0.0912
0.1584
0.1648
0.1296
0.1136
0.07199999999999999
0.104
0.08799999999999999
0.0848
0.0592
0.0912
0.1616
0.2
0.0944
0.1296
0.07199999999999999
0.0048
0.0336
0.0496
0.024
0.0144
0.0336
0.0272
0.0208
0.104
0.08799999999999999
0.0464
0.0624
0.0464
0.0624
0.0336
0.0272
0.0208
0.0208
0.0336
0.0944
0.1456
0.1968
0.2224
0.2352
0.232
0.216
0.2416
0.248
0.264
0.2224
0.1392
0.1776
0.2288
0.1104
0.0592
0.0528
0.0336
0.0528
0.024
0.0784
0.0624
0.0368
0.0272
0.0368
0.0048
0.0528
0.0016
0.0112
0.008
0.0176
0.0848
0.1072
0.1264
0.0912
0.008
0.056
0.0944
0.1296
0.08799999999999999
0.0592
0.056
0.0368
0.0592
0.0272
0.0688
0.04
0.0944
0.0944
0.2
0.1456
0.0688
0.0752
0.08799999999999999
0.0528
0.04
0.0848
0.1232
0.09760000000000001
0.0848
0.1744
0.1456
0.136
0.152
0.1616
0.09760000000000001
0.104
0.1264
0.1232
0.1776
0.216
0.2096
0.232
0.232
0.2256
0.28
0.3024
0.3152
0.3056
0.2384
0.2512
0.1904
0.216
0.2352
0.216
0.2128
0.1488
0.1232
0.1008
0.136
0.1264
0.1552
0.168
0.2544
0.2512
0.2736
0.296
0.3184
0.264
0.2416
0.1776
0.1936
0.136
0.0592
0.1072
0.0528
0.0016
0.04
0.0272
0.0624
0.0048
0.0176
0.0624
0.056
0.1328
0.184
0.168
0.1744
0.1488
0.2224
0.2
0.264
0.232
0.1808
0.1488
0.2064
0.1392
0.0944
0.1232
0.1584
0.2576
0.3376
0.3728
0.3728
0.4176
0.3952
0.3376
0.3376
0.2704
0.2224
0.248
0.2384
0.2928
0.2512
0.2768
0.2416
0.1776
0.2192
0.1904
0.12
0.1168
0.1072
0.1424
0.1776
0.12
0.1552
0.06560000000000001
0.07199999999999999
0.0048
0.0464
0.0624
0.0464
0.0272
0.0048
0.0464
0.0048
0.024
0.0144
0.0432
0.0368
0.0336
0.1008
0.2064
0.1776
0.2672
0.2928
0.3312
0.3824
0.408
0.3504
0.3888
0.4016
0.3696
0.2928
0.2768
0.1808
0.1968
0.2064
0.3248
0.3536
0.328
0.3376
0.3152
0.328
0.2512
0.2288
0.2544
0.2896
0.2544
0.184
0.136
0.1072
0.0752
0.0944
0.152
0.152
0.0208
0.0496
0.0272
0.0432
0.0016
0.06560000000000001
0.0624
0.0048
0.0016
0.0272
0.0944
0.09760000000000001
0.1712
0.1808
0.1424
0.184
0.1008
0.08799999999999999
0.0272
0.0112
0.0368
0.0368
0.104
0.008
0.04
0.1104
0.0304
0.0112
0.0144
0.024
0.0464
0.0016
0.0176
0.0176
0.056
0.0432
0.0592
0.0528
0.0016
0.0304
0.0176
0.0272
0.0496
0.0208
0.0272
0.0496
0.0688
0.08799999999999999
0.1232
0.12
0.0272
0.0528
0.0208
0.0272
0.0784
0.1136
0.168
0.09760000000000001
0.0368
0.056
0.0464
0.0592
0.0304
0.104
0.0048
0.0176
0.0176
0.008
0.0208
0.0752
0.0304
0.08160000000000001
0.0944
0.09760000000000001
0.09760000000000001
0.12
0.0624
0.06560000000000001
0.0272
0.0496
0.008
0.0144
0.0016
0.0432
0.0112
0.0176
0.06560000000000001
0.0144
0.024
0.0208
0.1328
0.1264
0.0208
0.0752
0.1072
0.0912
0.1648
0.1776
0.216
0.2512
0.2064
0.1968
0.168
0.1872
0.2128
0.2352
0.2352
0.1744
0.1168
0.104
0.06560000000000001
0.1104
0.1456
0.184
0.1424
0.056
0.0432
0.1168
0.184
0.1808
0.168
0.1296
0.168
0.2256
0.1936
0.12
0.08160000000000001
0.0624
0.06560000000000001
0.1072
0.056
0.0912
0.08160000000000001
0.1648
0.216
0.1968
0.2224
0.2256
0.1968
0.1744
0.2032
0.09760000000000001
0.06560000000000001
0.04
0.0624
0.0304
0.04
0.04
0.0496
0.0528
0.0752
0.09760000000000001
0.1456
0.1904
0.1072
0.1552
0.1904
0.1424
0.008
0.0048
0.0336
0.008
0.0016
0.0368
0.1168
0.1872
0.1584
0.2224
0.1744
0.136
0.2256
0.3056
0.3344
0.3504
0.3888
0.3472
0.3888
0.424
0.392
0.36
0.4624
0.4432
0.3632
0.2928
0.248
0.2736
0.3024
0.3184
0.344
0.3312
0.3152
0.3408
0.3632
0.2896
0.2032
0.232
0.184
0.2128
0.1328
0.1808
0.1072
0.0272
0.008
0.0368
0.0144
0.0528
0.0688
0.0688
0.0784
0.1456
0.136
0.1232
0.0912
0.04
0.0016
0.1072
0.2032
0.1872
0.232
0.2384
0.1616
0.0912
0.0528
0.0688
0.0432
0.0528
0.0592
0.056
0.1296
0.2192
0.1776
0.1744
0.152
0.1072
0.1424
0.09760000000000001
0.0176
0.0592
0.1264
0.1552
0.1584
0.0208
0.0368
0.0208
0.0432
0.07199999999999999
0.06560000000000001
0.04
0.08160000000000001
0.12
0.0848
0.09760000000000001
0.1424
0.1104
0.1424
0.1808
0.1648
0.1968
0.264
0.2608
0.2928
0.3568
0.4112
0.424
0.4496
0.4496
0.4784
0.4656
0.4208
0.3728
0.3376
0.3664
0.3536
0.296
0.3472
0.3184
0.3088
0.312
0.312
0.2416
0.232
0.2544
0.2448
0.2512
0.2352
0.2832
0.1712
0.2416
0.2608
0.312
0.3408
0.3952
0.456
0.4848
0.3792
0.3376
0.4272
0.3856
0.2704
0.2704
0.2576
0.2992
0.2928
0.3376
0.2992
0.3088
0.3248
0.3024
0.264
0.2224
0.1104
0.0848
0.1456
0.184
0.1872
0.2864
0.2704
0.2544
0.3184
0.3312
0.3024
0.3216
0.3632
0.3408
0.3408
0.4048
0.4304
0.3632
0.3536
0.3184
0.344
0.392
0.4144
0.3888
0.3568
0.3408
0.2896
0.28
0.392
0.376
0.3376
0.3312
0.3056
0.3088
0.248
0.2672
0.2672
0.28
0.28
0.2736
0.216
0.2704
0.2992
0.3344
0.3216
0.3376
0.2896
0.3376
0.28
0.2416
0.1872
0.1488
0.2608
0.3088
0.2544
0.2128
0.2352
0.2064
0.248
0.264
0.3376
0.3504
0.2896
0.328
0.3088
0.232
0.2
0.2
0.1328
0.1808
0.2512
0.3056
0.3312
0.3856
0.3376
0.2704
0.2864
0.2448
0.264
0.3248
0.3088
0.28
0.232
0.2544
0.2416
0.2128
0.3024
0.2992
0.264
0.2864
0.328
0.2576
0.2384
0.136
0.1456
0.2192
0.1872
0.216
0.168
0.2288
0.2
0.2992
0.2416
0.2
0.2096
0.2224
0.1552
0.1392
0.1232
0.1936
0.1104
0.1168
0.1136
0.08799999999999999
0.1136
0.1552
0.1424
0.1968
0.2576
0.2608
0.248
0.1776
0.1744
0.09760000000000001
0.0496
0.0432
0.0304
0.0464
0.0592
0.1104
0.1104
0.008
0.0624
0.0144
0.0208
0.0048
0.0144
0.056
0.0752
0.0464
0.0016
0.0144
0.0368
0.0432
0.0144
0.0304
0.0112
0.0528
0.04
0.0176
0.07199999999999999
0.1168
0.136
0.1104
0.0304
0.0496
0.0528
0.0272
0.0368
0.024
0.07199999999999999
0.0496
0.0016
0.09760000000000001
0.1136
0.1968
0.1936
0.1392
0.1008
0.1296
0.1936
0.0688
0.0784
0.08160000000000001
0.0048
0.104
0.1296
0.0848
0.1168
0.168
0.0912
0.1232
0.09760000000000001
0.136
0.08799999999999999
0.1232
0.1008
0.1168
0.0912
0.024
0.0944
0.09760000000000001
0.0624
0.0528
0.0272
0.0016
0.024
0.0592
0.0752
0.0112
0.0688
0.12
0.1424
0.1168
0.0592
0.0368
0.0912
0.024
0.0432
0.0784
0.0016
0.0944
0.1232
0.0848
0.0368
0.0336
0.0592
0.0112
0.0464
0.0752
0.0048
0.008
0.024
0.0464
0.0048
0.0208
0.0464
0.0464
0.07199999999999999
0.0592
0.07199999999999999
0.0464
0.1136
0.0496
0.0688
0.0496
0.0912
0.0688
0.0048
0.0432
0.0176
0.008
0.0624
0.056
0.1072
0.1168
0.1328
0.1392
0.1808
0.28
0.3248
0.3088
0.2736
0.2352
0.2064
0.2032
0.232
0.2576
0.136
0.12
0.1232
0.1168
0.1424
0.1584
0.2192
0.2128
0.2064
0.1488
0.1872
0.1552
0.2288
0.2128
0.2832
0.2672
0.2352
0.1552
0.104
0.12
0.09760000000000001
0.104
0.0496
0.0784
0.0464
0.0432
0.08160000000000001
0.1104
0.08160000000000001
0.08160000000000001
0.056
0.0592
0.1168
0.1424
0.168
0.1136
0.0944
0.0784
0.104
0.0464
0.0592
0.1104
0.1232
0.1392
0.1488
0.1552
0.0528
0.0496
0.0016
0.0016
0.008
0.06560000000000001
0.0272
0.0176
0.0048
0.0336
0.0784
0.0688
0.04
0.0368
0.008
0.08799999999999999
0.1104
0.0432
0.09760000000000001
0.0944
0.0784
0.0048
0.0784
0.1136
0.0624
0.06560000000000001
0.0304
0.04
0.0016
0.0304
0.0464
0.0176
0.0624
0.0944
0.0848
0.136
0.1648
0.2192
0.2448
0.2608
0.1328
0.1328
0.1392
0.1136
0.1328
0.152
0.1232
0.1712
0.1872
0.1936
0.2832
0.2768
0.2896
0.2928
0.2672
0.2224
0.2128
0.1584
0.2992
0.2096
0.2384
0.2256
0.248
0.264
0.232
0.2832
0.2832
0.2832
0.2032
0.2352
0.1584
0.1712
0.1456
0.1552
0.1008
0.08160000000000001
0.0368
0.056
0.0464
0.056
0.104
0.136
0.12
0.1136
0.0496
0.0624
0.07199999999999999
0.12
0.1744
0.1072
0.0784
0.0592
0.0624
0.08799999999999999
0.1488
0.2352
0.2704
0.152
0.1648
0.1168
0.1616
0.1296
0.0848
0.08160000000000001
0.104
0.09760000000000001
0.0208
0.0016
0.04
0.0496
0.0592
0.0208
0.0176
0.0688
0.1328
0.08160000000000001
0.1424
0.1872
0.1776
0.1904
0.136
0.0944
0.1104
0.0848
0.08799999999999999
0.024
0.0144
0.008
0.0176
0.008
0.0144
0.008
0.0464
0.0048
0.0944
0.1008
0.08160000000000001
0.0368
0.09760000000000001
0.0688
0.0912
0.1328
0.07199999999999999
0.0208
0.0048
0.024
0.0496
0.1552
0.1104
0.0624
0.06560000000000001
0.04
0.008
0.0112
0.0784
0.0368
0.0144
0.07199999999999999
0.08799999999999999
0.136
0.1328
0.0176
0.1552
0.0624
0.2128
0.2032
0.1776
0.0944
0.0432
0.07199999999999999
0.08799999999999999
0.0048
0.0208
0.008
0.0368
0.0336
0.04
0.0144
0.0848
0.0528
0.0176
0.0016
0.0048
0.008
0.0432
0.056
0.056
0.0528
0.08799999999999999
0.1392
0.2288
0.2544
0.2608
0.2672
0.2864
0.2608
0.1456
0.1744
0.184
0.1552
0.1552
0.12
0.0944
0.0784
0.0944
0.1232
0.0624
0.0688
0.0784
0.1808
0.1744
0.1136
0.136
0.1136
0.09760000000000001
0.1424
0.1808
0.1808
0.168
0.1584
0.184
0.1808
0.1424
0.0912
0.136
0.1936
0.2032
0.1968
0.2256
0.2288
0.1264
0.136
0.2256
0.2064
0.168
0.152
0.0944
0.0176
0.056
0.0496
0.0464
0.0144
0.0304
0.0464
0.056
0.04
0.1008
0.09760000000000001
0.1584
0.1456
0.2768
0.2256
0.1776
0.1776
0.136
0.0784
0.056
0.0496
0.1392
0.1072
0.1648
0.232
0.3088
0.3632
0.3152
0.2736
0.2384
0.2352
0.2448
0.168
0.1616
0.1232
0.104
0.0688
0.0368
0.0112
0.024
0.0464
0.0336
0.0208
0.06560000000000001
0.1072
0.1072
0.1808
0.2128
0.232
0.2224
0.2448
0.248
0.2416
0.2448
0.1712
0.08799999999999999
0.0624
0.08799999999999999
0.0752
0.0368
0.0048
0.008
0.0144
0.0304
0.0624
0.0592
0.0112
0.08160000000000001
0.1008
0.1296
0.1808
0.1712
0.1744
0.1552
0.1168
0.08799999999999999
0.0368
0.0144
0.0624
0.0368
0.0336
0.04
0.0048
0.0528
0.0336
0.0176
0.0464
0.0016
0.12
0.1104
0.1264
0.1776
0.1392
0.0432
0.1264
0.0528
0.0144
0.04
0.0848
0.08160000000000001
0.0784
0.08799999999999999
0.0784
0.1232
0.0944
0.0528
0.07199999999999999
0.0624
0.056
0.0688
0.06560000000000001
0.0528
0.09760000000000001
0.0496
0.0208
0.0304
0.04
0.0304
0.0144
0.08160000000000001
0.008
0.056
0.1008
0.1488
0.1328
0.0848
0.1104
0.1136
0.1168
0.0944
0.08160000000000001
0.1136
0.1136
0.1168
0.1296
0.1296
0.1424
0.1584
0.1328
0.2096
0.07199999999999999
0.0304
0.0176
0.008
0.0176
0.0176
0.0208
0.0496
0.0432
0.0208
0.0048
0.0432
0.024
0.0144
0.0208
0.0176
0.024
0.0112
0.0048
0.0624
0.08160000000000001
0.0176
0.0176
0.0144
0.024
0.04
0.0912
0.1392
0.09760000000000001
0.0528
0.12
0.0944
0.0336
0.07199999999999999
0.1296
0.1392
0.1904
0.28
0.3024
0.3664
0.3248
0.376
0.2928
0.2096
0.2096
0.28
0.2096
0.1968
0.0944
0.0464
0.136
0.136
0.1008
0.1584
0.1872
0.1744
0.2288
0.3024
0.2512
0.2096
0.1552
0.2288
0.2192
0.2032
0.1968
0.152
0.1136
0.0496
0.0464
0.08799999999999999
0.0144
0.0336
0.0208
0.0496
0.056
0.0336
0.0112
0.06560000000000001
0.07199999999999999
0.0912
0.0944
0.0592
0.0176
0.008
0.0784
0.1168
0.12
0.12
0.1712
0.216
0.2416
0.344
0.3376
0.4048
0.3504
0.3888
0.3984
0.3216
0.296
0.2736
0.2448
0.2064
0.184
0.2352
0.248
0.2576
0.2992
0.2704
0.3056
0.3088
0.2896
0.1552
0.1392
0.0496
0.0016
0.1168
0.1552
0.1648
0.1808
0.1456
0.1904
0.1904
0.1328
0.1072
0.0784
0.1136
0.1488
0.0848
0.0848
0.0592
0.0784
0.08160000000000001
0.024
0.0176
0.0528
0.0496
0.0016
0.0336
0.0464
0.0272
0.0464
0.0368
0.0624
0.1136
0.12
0.0944
0.0528
0.09760000000000001
0.12
0.1136
0.0368
0.0336
0.0784
0.168
0.1232
0.1648
0.2032
0.2192
0.1776
0.1008
0.0144
0.0048
0.0912
0.1648
0.1744
0.1456
0.1968
0.1776
0.1712
0.09760000000000001
0.0496
0.056
0.0464
0.0464
0.0496
0.0144
0.07199999999999999
0.0592
0.1424
0.168
0.2608
0.2032
0.2576
0.3344
0.3376
0.4176
0.328
0.3216
0.3312
0.3824
0.3984
0.376
0.3952
0.4368
0.4048
0.376
0.4432
0.4112
0.3664
0.3216
0.3248
0.3248
0.3088
0.3216
0.2736
0.28
0.2864
0.2864
0.248
0.2256
0.2384
0.1488
0.1392
0.1456
0.1552
0.1584
0.1744
0.1808
0.232
0.2608
0.232
0.2192
0.216
0.2288
0.184
0.216
0.2256
0.184
0.1488
0.0848
0.0752
0.0528
0.0688
0.0848
0.1328
0.09760000000000001
0.1744
0.1328
0.1456
0.1712
0.1776
0.1232
0.0848
0.0208
0.08799999999999999
0.0784
0.0528
0.1424
0.1264
0.1712
0.2128
0.2448
0.2544
0.232
0.1424
0.1296
0.12
0.1008
0.1232
0.1008
0.1488
0.2256
0.2352
0.2224
0.2224
0.1968
0.2576
0.2096
0.2096
0.2096
0.2
0.2544
0.3056
0.2896
0.3568
0.4208
0.3568
0.4176
0.4272
0.4176
0.3632
0.408
0.4016
0.456
0.3984
0.4016
0.3568
0.2896
0.232
0.2096
0.136
0.0432
0.0912
0.1264
0.184
0.1616
0.1808
0.2352
0.2352
0.2256
0.216
0.2512
0.3312
0.2672
0.2608
0.2832
0.264
0.2448
0.1488
0.1936
0.1808
0.2576
0.2704
0.2448
0.2416
0.2256
0.2384
0.2064
0.1296
0.1584
0.1456
0.1008
0.08160000000000001
0.1744
0.1488
0.1648
0.1136
0.0688
0.06560000000000001
0.0272
0.1008
0.0592
0.0112
0.0048
0.0048
0.0176
0.024
0.0016
0.0016
0.1008
0.1168
0.056
0.1104
0.1104
0.1072
0.1328
0.1168
0.1552
0.09760000000000001
0.08799999999999999
0.12
0.2032
0.1072
0.0528
0.04
0.0432
0.0208
0.0496
0.0144
0.0112
0.024
0.0592
0.08799999999999999
0.08799999999999999
0.0016
0.008
0.0016
0.0272
0.0016
0.0752
0.0624
0.056
0.0112
0.0368
0.1392
0.2512
0.2288
0.2192
0.3056
0.3312
0.3472
0.3248
0.2896
0.3696
0.3888
0.3984
0.3312
0.3568
0.328
0.3376
0.3248
0.3568
0.2704
0.3152
0.2928
0.2928
0.2992
0.2448
0.2544
0.1424
0.1456
0.0528
0.0784
0.1488
0.216
0.1616
0.216
0.1296
0.136
0.1776
0.136
0.1936
0.1968
0.2448
0.2864
0.2576
0.2416
0.2192
0.2608
0.2384
0.1904
0.184
0.1424
0.1296
0.1712
0.152
0.1616
0.1904
0.264
0.2832
0.3408
0.3696
0.3472
0.2896
0.3312
0.3376
0.376
0.4112
0.4432
0.344
0.4112
0.3664
0.328
0.328
0.3952
0.3504
0.3856
0.3952
0.3408
0.312
0.3024
0.3024
0.2224
0.3056
0.3216
0.3568
0.3568
0.3824
0.2992
0.312
0.3184
0.3888
0.4464
0.4304
0.4912
0.5135999999999999
0.4752
0.4432
0.3952
0.328
0.3376
0.3984
0.3568
0.3216
0.2896
0.3152
0.2576
0.2832
0.2928
0.2608
0.248
0.1936
0.264
0.2256
0.2352
0.2768
0.2544
0.2704
0.28
0.3056
0.3088
0.3056
0.2064
0.2896
0.2128
0.1744
0.2416
0.1744
0.1904
0.2192
0.2256
0.2256
0.1968
0.2096
0.1488
0.1232
0.06560000000000001
0.0368
0.08160000000000001
0.09760000000000001
0.0784
0.136
0.1776
0.1392
0.0688
0.0336
0.056
0.0368
0.1136
0.056
0.0336
0.1168
0.1744
0.1456
0.09760000000000001
0.1136
0.0336
0.0304
0.0112
0.0432
0.0368
0.0624
0.104
0.0912
0.07199999999999999
0.0016
0.0528
0.0592
0.04
0.0592
0.07199999999999999
0.0208
0.08160000000000001
0.0624
0.0464
0.0848
0.0464
0.0208
0.0624
0.0016
0.0208
0.104
0.1168
0.152
0.1424
0.1392
0.152
0.136
0.1552
0.0688
0.0208
0.024
0.024
0.1008
0.1232
0.1488
0.1328
0.1392
0.216
0.232
0.3024
0.3248
0.2992
0.3056
0.2992
0.3184
0.344
0.344
0.2736
0.2032
0.2192
0.3216
0.3344
0.3632
0.328
0.2928
0.28
0.3248
0.3024
0.36
0.3312
0.3024
0.2928
0.2832
0.248
0.2224
0.2192
0.1648
0.2448
0.3216
0.3856
0.3952
0.3376
0.328
0.2832
0.3184
0.4336
0.4176
0.408
0.3856
0.2704
0.2608
0.1808
0.06560000000000001
0.0432
0.0048
0.1104
0.0336
0.0848
0.0784
0.07199999999999999
0.0368
0.0368
0.06560000000000001
0.0624
0.0848
0.0688
0.08799999999999999
0.07199999999999999
0.0624
0.0944
0.0624
0.07199999999999999
0.0848
0.1584
0.1776
0.2448
0.1936
0.1904
0.2224
0.152
0.1264
0.1424
0.2128
0.1552
0.1776
0.1072
0.1712
0.1424
0.0464
0.0752
0.1008
0.0208
0.0208
0.0208
0.0336
0.04
0.0432
0.0848
0.1328
0.06560000000000001
0.0624
0.1232
0.1392
0.1328
0.1264
0.1264
0.1296
0.1168
0.1968
0.1936
0.2544
0.2256
0.184
0.1744
0.1712
0.1552
0.08160000000000001
0.0432
0.0432
0.0048
0.1232
0.0144
0.0176
0.0784
0.1008
0.1776
0.0752
0.0944
0.232
0.1488
0.1168
0.1392
0.1744
0.2032
0.2256
0.1968
0.1296
0.1104
0.1008
0.024
0.0144
0.0272
0.184
0.1296
0.136
0.1456
0.1776
0.0912
0.06560000000000001
0.08160000000000001
0.0464
0.0784
0.12
0.1232
0.1168
0.0592
0.0272
0.0272
0.04
0.0048
0.008
0.0784
0.12
0.1328
0.1808
0.1296
0.1232
0.1488
0.1776
0.1392
0.1808
0.1136
0.1168
0.1264
0.136
0.136
0.1008
0.1072
0.0624
0.168
0.2608
0.2768
0.328
0.3024
0.3856
0.408
0.3184
0.2992
0.2352
0.312
0.3184
0.2864
0.2992
0.2576
0.2256
0.2416
0.2064
0.2
0.1904
0.1168
0.1488
0.1552
0.1072
0.1296
0.1072
0.0944
0.1616
0.1296
0.168
0.1072
0.0752
0.0464
0.0304
0.09760000000000001
0.04
0.0304
0.0176
0.07199999999999999
0.0432
0.008
0.08799999999999999
0.1104
0.1712
0.1424
0.1616
0.1488
0.1488
0.2288
0.168
0.12
0.1552
0.1488
0.1584
0.2128
0.2128
0.1584
0.1712
0.1936
0.232
0.2224
0.1904
0.216
0.1936
0.1584
0.1488
0.0592
0.0336
0.0208
0.0464
0.0592
0.024
0.008
0.0624
0.0848
0.104
0.056
0.0624
0.07199999999999999
0.1168
0.1776
0.1584
0.1968
0.1168
0.1552
0.2096
0.1168
0.024
0.0528
0.04
0.0272
0.08799999999999999
0.0528
0.0432
0.0208
0.0464
0.0496
0.0464
0.024
0.024
0.0048
0.0752
0.1488
0.2192
0.1744
0.1872
0.1488
0.232
0.2384
0.1936
0.152
0.1552
0.168
0.1328
0.1776
0.1264
0.1488
0.1872
0.2128
0.1552
0.056
0.0784
0.0016
0.0112
0.07199999999999999
0.104
0.09760000000000001
0.2256
0.1968
0.0944
0.1232
0.104
0.0624
0.0496
0.08799999999999999
0.0912
0.0208
0.008
0.024
0.0112
0.0272
0.0016
0.08160000000000001
0.1104
0.1328
0.07199999999999999
0.056
0.0304
0.1072
0.1456
0.12
0.0016
0.04
0.04
0.0368
0.0432
0.1456
0.104
0.1168
0.2128
0.2288
0.2896
0.2448
0.2512
0.2544
0.2128
0.0944
0.1264
0.1136
0.1744
0.2512
0.2128
0.2448
0.3088
0.3536
0.344
0.3472
0.2896
0.2384
0.1552
0.2192
0.184
0.1936
0.2928
0.2768
0.3056
0.3056
0.3056
0.2704
0.2544
0.1808
0.2128
0.1904
0.184
0.248
0.28
0.1424
0.2128
0.2416
0.2288
0.2512
0.1872
0.2
0.1232
0.264
0.2512
0.2608
0.2704
0.328
0.3184
0.3152
0.2576
0.2128
0.2416
0.1296
0.0688
0.0496
0.0304
0.0624
0.04
0.0624
0.0336
0.0112
0.0176
0.008
0.0048
0.0336
0.0304
0.024
0.0336
0.0464
0.0304
0.0112
0.0176
0.0304
0.0048
0.0784
0.04
0.0304
0.1424
0.1456
0.1136
0.09760000000000001
0.0944
0.0464
0.008
0.0432
0.0528
0.0016
0.09760000000000001
0.0336
0.0208
0.008
0.0432
0.08160000000000001
0.0848
0.0784
0.0016
0.0144
0.0368
0.0368
0.0432
0.024
0.0464
0.06560000000000001
0.1424
0.1584
0.136
0.08160000000000001
0.0144
0.0464
0.12
0.0912
0.08160000000000001
0.04
0.0304
0.0336
0.0176
0.1392
0.1456
0.216
0.1584
0.0592
0.1072
0.0016
0.008
0.008
0.0592
0.0496
0.0368
0.0016
0.008
0.0208
0.0624
0.0912
0.0464
0.0336
0.0304
0.0048
0.0048
0.0592
0.0944
0.0912
0.1072
0.1488
0.1648
0.184
0.1488
0.1744
0.1424
0.0784
0.0016
0.0464
0.056
0.0336
0.0112
0.0624
0.0144
0.08799999999999999
0.0336
0.0464
0.056
0.0208
0.0688
0.1072
0.1136
0.0432
0.0304
0.0272
0.0528
0.0304
0.0624
0.1008
0.12
0.12
0.0912
0.1104
0.1296
0.1456
0.1008
0.1264
0.1616
0.0912
0.0112
0.0144
0.0304
0.0144
0.0432
0.0272
0.09760000000000001
0.2288
0.1552
0.1936
0.1584
0.1264
0.1072
0.1104
0.0144
0.0304
0.1008
0.09760000000000001
0.0336
0.1744
0.2
0.1712
0.2512
0.3184
0.3312
0.3312
0.376
0.2928
0.2832
0.2768
0.2736
0.2768
0.1488
0.1328
0.1424
0.1552
0.1616
0.1616
0.2096
0.2256
0.1968
0.1872
0.184
0.2224
0.2608
0.2064
0.2192
0.1872
0.1584
0.08799999999999999
0.09760000000000001
0.0464
0.0112
0.1424
0.1328
0.1552
0.1392
0.1808
0.2032
0.1552
0.1936
0.1424
0.136
0.1296
0.1072
0.0496
0.0368
0.08160000000000001
0.1008
0.1616
0.1584
0.1744
0.1072
0.2064
0.2352
0.2576
0.3184
0.3568
0.408
0.392
0.4208
0.4592
0.4944
0.4656
0.4688
0.4304
0.3504
0.2768
0.264
0.328
0.3088
0.2544
0.2256
0.2224
0.2576
0.2288
0.2704
0.2032
0.232
0.1968
0.2896
0.2064
0.2032
0.2256
0.1584
0.1552
0.2128
0.1136
0.1616
0.1424
0.12
0.1328
0.2032
0.1776
0.104
0.104
0.0944
0.0912
0.08799999999999999
0.0688
0.136
0.1744
0.2064
0.1776
0.1648
0.2064
0.2288
0.2128
0.3088
0.3536
0.2128
0.1744
0.248
0.312
0.3344
0.3024
0.2864
0.3184
0.2768
0.2512
0.2064
0.2224
0.2736
0.28
0.2896
0.2224
0.2576
0.2128
0.1328
0.1392
0.104
0.1648
0.152
0.1712
0.296
0.2832
0.2096
0.1392
0.1712
0.1904
0.1872
0.1648
0.1296
0.056
0.0464
0.1072
0.0912
0.07199999999999999
0.104
0.0784
0.0336
0.0752
0.1456
0.1392
0.056
0.0688
0.0464
0.0336
0.0368
0.1072
0.0432
0.1232
0.0112
0.0432
0.0432
0.08799999999999999
0.04
0.0304
0.0112
0.0944
0.12
0.1328
0.1872
0.1616
0.1488
0.0944
0.0432
0.0752
0.09760000000000001
0.0784
0.024
0.0336
0.0016
0.0528
0.008
0.0432
0.08160000000000001
0.0048
0.0112
0.0112
0.0432
0.0112
0.0016
0.0592
0.0208
0.0592
0.1168
0.1776
0.2064
0.2288
0.2256
0.2512
0.1968
0.2288
0.2384
0.2256
0.2704
0.2672
0.2928
0.232
0.1584
0.1616
0.168
0.184
0.1296
0.1488
0.1232
0.0944
0.1552
0.184
0.2352
0.232
0.2928
0.312
0.2768
0.312
0.3312
0.2768
0.2
0.1616
0.1936
0.2256
0.264
0.2512
0.2992
0.2544
0.1168
0.1232
0.1648
0.1872
0.2064
0.2224
0.248
0.2288
0.1328
0.0944
0.104
0.1712
0.1296
0.1456
0.06560000000000001
0.1264
0.1424
0.07199999999999999
0.08160000000000001
0.0784
0.07199999999999999
0.024
0.0432
0.09760000000000001
0.0592
0.08799999999999999
0.12
0.1328
0.0848
0.104
0.1136
0.1328
